21
82
19
45
73
189
109
159
141
13
222
124
189
75
173
145
73
253
131
109
70
28
238
188
211
174
155
209
151
112
242
19
76
222
46
89
51
91
78
31
182
41
140
124
144
254
60
237
163
147
79
35
119
11
57
247
137
177
22
255
251
154
20
140
150
159
240
153
22
46
188
168
181
188
112
59
14
247
202
176
239
157
215
141
28
47
144
78
246
73
201
160
66
233
134
20
121
93
141
206
58
9
167
142
35
100
222
219
138
190
16
210
28
219
113
33
161
40
29
173
224
205
173
199
209
90
58
155
178
141
83
121
193
8
203
84
120
13
57
50
81
144
220
35
179
153
232
55
136
131
76
38
104
86
4
62
37
172
213
115
95
244
225
191
232
45
72
12
159
29
186
72
6
62
171
87
168
201
33
114
97
248
238
231
217
237
204
7
85
79
227
199
136
120
3
114
63
130
69
39
2
18
43
56
49
139
137
85
11
143
213
16
55
122
94
183
74
207
45
173
253
221
94
181
34
132
189
198
245
24
159
8
238
59
219
202
110
172
40
45
227
97
97
173
45
114
23
125
92
7
147
43
53
106
90
27
153
136
246
36
84
75
120
165
144
235
232
168
5
192
230
65
91
37
35
31
14
218
103
93
127
233
59
195
215
75
241
75
149
2
23
74
194
54
183
120
74
129
152
70
242
97
151
55
33
15
160
101
108
254
162
144
83
120
15
41
201
191
150
22
3
102
163
44
55
154
229
37
133
29
82
11
132
163
225
228
14
173
67
98
11
136
219
238
144
31
207
62
69
134
68
19
180
142
110
32
5
245
112
217
145
250
7
12
29
244
64
102
253
246
242
126
94
169
213
251
114
5
247
202
131
4
136
135
146
184
169
80
231
59
130
108
104
102
113
220
122
130
93
86
47
253
29
36
50
59
220
201
90
163
225
28
24
136
5
132
109
61
254
41
119
94
178
170
52
235
189
219
57
14
211
254
190
74
148
29
114
1
123
110
110
193
43
221
74
213
13
79
107
95
224
92
151
89
68
10
111
101
90
205
76
158
252
231
236
15
118
92
115
255
113
98
61
112
221
127
6
189
117
205
46
72
181
56
163
111
37
232
17
198
52
43
149
219
190
189
217
212
84
218
192
19
158
194
192
132
145
244
169
209
100
141
213
134
116
184
70
24
214
168
172
115
239
116
1
111
172
112
46
207
240
233
249
156
125
81
130
41
149
229
146
110
77
201
234
192
219
132
58
46
246
121
29
243
126
4
184
253
164
13
181
14
165
72
149
93
51
149
180
15
189
44
104
2
172
254
12
123
23
212
139
0
31
70
41
241
52
101
85
53
127
13
187
90
7
230
139
51
162
16
239
121
50
36
58
240
66
76
242
0
139
17
39
72
61
210
231
185
71
131
140
230
121
16
149
59
63
121
117
94
221
22
254
212
66
167
13
205
236
167
17
141
255
108
41
80
136
104
69
83
60
238
35
234
242
102
50
110
198
101
194
70
92
75
15
104
189
224
107
149
24
132
150
242
69
9
124
190
195
55
144
214
114
78
253
157
236
189
31
40
10
237
22
46
61
251
94
219
200
244
219
49
175
248
200
53
44
132
128
46
180
198
150
141
69
101
86
160
105
147
18
47
108
153
148
207
154
117
125
160
65
88
141
90
183
248
226
163
210
249
254
197
237
215
67
18
132
110
18
151
157
139
60
114
96
135
187
131
46
16
178
125
143
176
12
10
219
135
214
212
8
218
188
23
186
222
113
180
48
143
164
212
83
4
4
13
13
173
188
164
69
55
145
121
41
114
148
190
153
222
238
85
164
140
53
70
221
160
144
191
17
73
152
139
239
61
120
39
211
156
112
239
85
4
25
176
92
27
237
8
33
164
28
250
229
103
207
135
79
193
16
73
195
3
89
224
14
195
82
85
43
136
225
34
245
223
109
207
23
136
21
160
96
2
11
217
250
216
180
112
50
40
184
38
75
83
59
115
133
115
246
248
59
226
106
113
195
102
12
243
198
29
75
81
94
81
232
48
139
61
170
95
3
88
90
216
24
49
155
244
178
123
42
72
160
29
202
11
58
231
110
205
13
242
163
54
54
230
67
65
190
101
114
101
182
188
207
25
252
175
67
166
53
249
19
56
126
48
71
123
134
178
74
226
46
201
158
128
118
196
107
219
5
150
98
35
30
139
80
101
151
0
77
80
17
108
80
227
114
121
117
24
189
253
217
38
201
4
197
215
78
91
14
208
84
126
182
39
96
50
222
107
164
36
97
18
242
214
211
156
176
117
100
78
186
133
164
57
27
174
43
64
192
233
40
14
16
60
166
2
129
0
93
5
179
121
84
222
1
107
94
200
233
79
91
110
209
118
176
35
50
114
35
162
61
208
203
222
182
135
121
71
71
242
101
112
66
97
56
139
167
67
68
209
251
101
218
149
42
81
68
188
160
180
155
221
154
39
174
82
150
159
105
22
121
110
23
237
48
61
186
152
147
7
138
189
204
9
11
201
30
15
219
148
64
65
240
100
36
94
249
222
95
225
121
37
98
162
28
88
23
236
69
213
37
248
55
106
139
27
0
34
238
103
130
70
131
12
25
221
33
8
24
194
167
0
58
26
60
157
60
45
209
78
141
208
146
144
225
93
82
79
148
205
174
139
87
249
49
93
82
107
225
238
55
118
143
198
1
14
15
114
49
83
102
65
0
237
205
12
186
130
197
105
147
233
110
127
24
252
150
181
129
82
242
87
93
54
149
235
189
76
10
207
20
155
161
6
78
151
118
101
113
234
94
1
164
76
76
164
167
44
5
209
83
79
197
2
83
213
154
248
78
87
40
219
177
72
151
44
113
213
83
128
91
39
1
182
57
159
176
166
50
11
69
230
26
224
41
75
218
189
36
126
166
90
100
59
76
51
220
240
39
117
202
85
20
113
130
62
129
202
78
162
20
219
22
99
91
212
26
38
248
203
216
115
52
150
191
148
79
161
10
32
27
210
120
31
155
248
134
2
124
49
222
228
67
34
186
131
129
15
119
192
86
215
37
36
48
22
176
231
182
141
49
121
130
138
200
235
128
148
186
210
56
129
42
120
23
211
90
119
218
26
160
5
243
74
125
61
239
245
100
209
34
191
192
181
28
254
178
146
100
211
71
16
34
100
224
185
43
21
125
175
193
181
184
211
154
234
135
139
24
160
129
11
65
113
51
135
159
35
84
105
76
85
26
247
251
131
237
53
6
47
18
251
25
226
125
224
87
242
116
34
140
97
236
1
9
181
63
224
39
35
76
15
24
84
235
177
142
38
168
65
194
137
58
231
105
88
16
5
97
251
47
66
246
138
195
116
22
112
204
209
139
199
54
34
0
136
218
60
51
102
78
102
83
26
28
198
72
174
12
64
118
100
183
237
188
112
92
200
108
159
149
123
21
213
71
65
154
41
63
118
17
187
156
199
197
178
240
110
49
211
201
233
236
35
154
94
188
112
17
233
128
80
200
244
191
114
220
148
99
215
52
138
233
72
246
40
217
243
142
48
169
225
194
236
192
82
255
113
106
151
104
104
99
150
168
36
75
107
58
146
192
238
176
160
174
150
112
183
133
25
143
167
124
57
113
221
194
49
46
156
191
67
205
27
240
175
214
109
217
44
153
226
179
142
197
80
232
196
109
177
123
211
167
181
7
71
78
239
102
134
4
197
117
55
106
246
140
121
2
236
94
54
130
72
205
229
202
79
85
79
129
173
203
170
118
99
174
202
143
242
42
62
110
222
36
234
189
173
179
59
191
171
185
224
15
132
215
245
168
150
222
198
90
171
2
100
24
246
96
174
52
34
19
45
151
72
211
184
94
145
74
199
56
108
253
213
208
92
128
194
38
251
235
209
203
213
214
141
63
103
206
9
28
59
226
24
203
92
154
209
165
118
210
167
103
23
133
60
114
58
165
117
123
7
94
238
221
28
116
65
198
42
200
74
47
189
245
29
179
156
88
234
250
26
92
1
214
87
226
232
146
251
92
209
166
59
2
192
54
13
112
111
137
178
91
233
110
165
21
191
132
163
127
123
167
119
237
217
215
242
61
109
29
82
101
206
198
148
75
71
151
7
126
13
14
144
111
75
59
192
35
148
184
244
255
26
48
224
145
138
97
133
237
10
91
45
37
249
54
49
56
95
36
52
133
179
199
233
89
206
216
24
241
148
23
206
81
147
17
155
138
158
200
221
116
136
156
232
43
79
114
5
98
177
185
169
105
80
81
221
250
150
155
139
165
100
126
151
165
124
35
246
153
13
191
239
194
25
152
22
200
218
108
41
8
212
81
57
146
62
76
222
50
140
234
197
210
160
36
211
22
217
134
217
13
185
54
231
225
70
31
47
99
168
236
95
131
38
26
133
62
199
50
66
63
126
94
166
194
28
206
240
193
49
113
12
146
79
181
172
211
112
152
180
119
78
88
127
52
136
230
255
143
32
78
24
36
55
143
231
87
112
88
177
200
149
125
227
34
167
15
249
47
226
235
17
225
128
53
171
47
201
190
180
183
124
213
207
179
19
149
0
193
156
186
181
166
123
174
201
60
106
176
241
114
226
24
115
71
252
187
197
139
196
191
100
217
192
194
129
125
233
87
103
11
46
20
82
210
131
73
58
99
174
61
81
248
94
168
238
230
92
186
239
31
4
31
156
89
70
98
156
38
42
157
42
198
143
111
189
53
172
229
189
194
8
23
175
189
134
153
242
6
41
199
67
19
13
121
173
15
153
239
205
189
83
104
172
10
133
209
56
241
136
99
112
203
8
222
15
53
105
203
225
32
135
166
111
152
130
17
210
105
208
20
181
202
37
220
105
23
182
44
73
205
165
215
19
23
207
114
181
71
165
23
185
250
156
86
113
196
219
16
169
23
139
247
248
213
162
133
25
29
19
225
104
1
66
47
116
70
147
180
220
238
224
145
208
196
152
221
37
98
40
105
82
165
135
124
160
133
144
124
219
210
188
254
123
5
196
240
232
29
107
37
18
222
174
59
249
6
43
50
123
21
79
121
243
66
199
184
66
72
174
196
150
210
117
162
60
150
11
138
243
159
155
70
162
209
62
41
126
243
215
210
5
132
180
184
121
194
80
167
167
240
239
25
65
188
5
220
64
15
232
60
62
72
59
118
164
62
27
19
69
73
20
45
90
93
146
106
109
86
130
196
191
50
149
160
66
43
171
176
114
243
127
151
224
51
70
221
249
41
54
21
51
83
100
201
124
188
244
74
40
126
63
97
186
55
116
74
69
192
47
13
30
21
219
217
6
155
80
100
59
155
175
56
10
36
17
167
251
196
146
164
15
153
146
93
27
216
81
26
24
165
119
216
251
96
26
16
79
59
111
134
58
69
210
34
233
12
224
187
33
124
119
129
99
42
86
83
123
168
42
184
130
237
139
120
107
86
117
157
140
15
16
31
212
181
48
138
48
80
3
55
160
160
36
84
100
204
38
250
66
184
199
79
173
185
63
237
150
219
45
227
163
251
51
70
42
163
102
188
224
35
202
235
86
150
254
191
25
104
200
255
197
57
21
20
103
245
22
101
66
76
28
176
116
149
213
236
172
79
251
187
146
115
177
193
253
55
204
11
130
83
179
166
134
235
29
191
15
241
183
15
192
254
18
20
29
59
224
192
177
34
11
216
79
251
45
39
49
84
154
11
238
32
13
168
110
239
197
185
106
55
13
247
154
43
196
204
144
152
118
141
245
156
29
13
236
197
185
218
144
206
201
181
32
118
42
223
189
124
33
255
153
117
174
84
197
157
248
254
175
4
229
93
206
196
61
196
107
39
199
195
208
192
195
250
77
98
185
166
216
176
127
128
176
214
187
120
76
248
84
90
68
81
26
200
181
253
112
136
140
179
128
54
196
32
23
132
86
228
218
138
15
239
103
86
175
48
3
64
214
155
131
193
254
30
131
54
210
53
99
7
90
47
106
98
74
4
4
200
31
208
238
132
194
28
202
208
105
89
31
16
34
252
245
162
131
231
144
73
102
45
188
147
145
217
254
201
89
110
108
74
25
36
80
208
192
126
91
63
219
165
137
80
143
189
28
137
16
220
43
212
64
73
24
137
30
142
16
160
151
44
211
246
197
241
12
122
150
54
115
145
15
12
217
46
153
168
218
229
141
82
79
134
186
13
60
118
242
225
13
190
83
18
72
30
36
75
19
4
241
141
221
220
4
42
131
95
215
157
163
243
136
26
74
9
136
37
5
98
223
195
219
210
161
252
197
84
103
163
150
177
215
0
218
253
97
215
205
150
56
228
212
155
95
114
4
151
142
93
155
41
208
147
238
86
27
87
131
164
32
162
149
231
98
185
15
255
5
231
156
85
47
155
129
236
152
155
170
18
139
160
8
208
143
220
129
241
189
243
26
137
235
4
33
160
33
37
61
141
117
136
34
134
194
87
117
183
232
117
106
109
41
122
229
138
80
80
95
68
239
191
127
184
17
58
232
219
41
187
136
26
141
63
145
70
157
208
14
252
34
53
110
55
156
78
161
110
61
121
61
23
195
121
161
128
159
174
89
223
60
202
63
153
126
169
211
19
100
214
60
194
115
235
4
202
110
109
44
153
234
93
10
191
138
37
164
156
1
17
25
134
18
13
30
18
90
84
161
206
67
79
207
235
162
166
26
122
129
20
6
137
178
145
226
191
66
203
128
46
163
136
105
251
169
141
6
55
220
186
24
250
178
144
50
255
2
177
129
17
202
72
30
235
46
141
30
236
131
230
159
76
100
170
215
39
163
198
176
112
224
7
24
206
110
36
2
111
107
41
34
110
174
236
117
202
22
247
181
17
102
144
179
125
164
50
233
87
25
52
15
78
88
177
161
59
249
247
112
76
132
189
133
135
17
0
0
73
60
132
213
103
39
22
121
64
119
69
18
188
8
94
20
215
78
