24
49
-76
17
14
8
-81
76
-107
79
-105
57
25
-111
-91
-109
58
-36
81
-49
64
26
-105
49
-55
79
-63
66
52
1
107
-127
-119
53
-31
-92
31
23
-43
-41
67
16
119
49
-68
90
122
63
16
-23
50
18
-62
-56
0
87
35
-34
125
95
3
-120
17
-34
-33
114
-2
-124
-62
115
83
70
29
-9
-36
106
-21
95
-40
-72
33
113
-93
-62
96
96
29
35
61
-30
33
100
-22
-113
-87
122
122
-110
-70
-96
124
6
-60
15
-40
0
-111
-21
122
-44
101
41
-109
126
127
-50
64
49
-90
-63
86
-42
72
114
-126
-126
-48
-114
-112
6
-20
94
-3
-78
-4
-40
58
-13
118
42
-11
-65
41
110
-125
-103
33
55
81
86
-102
36
-77
-18
-14
104
-44
89
13
77
34
-81
-45
119
-125
27
8
-109
92
32
37
101
92
-65
100
-84
40
105
78
18
67
-89
73
-61
109
-37
-109
-4
120
-95
-1
-55
-15
67
-117
-65
76
-98
14
-100
-125
-37
121
70
-75
12
127
-43
-96
-85
33
-94
-111
-48
30
88
-117
-99
-49
27
65
96
30
118
49
14
15
-31
-17
40
65
-109
47
-72
-60
66
-89
10
-38
-7
40
-107
-64
-124
-10
54
-104
-123
121
83
-96
121
-24
-123
45
-10
127
-87
65
92
26
-40
54
-67
53
125
113
18
-46
86
86
-108
-56
15
110
-27
66
45
9
-24
120
104
21
-123
106
-123
-117
48
82
-55
29
-79
-85
-40
-96
13
105
-76
-26
-56
60
106
-126
9
-118
-69
33
59
-81
3
-22
-11
-106
0
117
89
-106
120
-29
-114
-109
-27
-107
-115
-61
13
-111
118
78
-4
93
-61
-14
-50
-42
20
119
-106
65
-47
108
71
106
-120
-89
-126
-40
-22
102
56
68
75
14
120
88
86
61
35
89
54
114
-21
35
-71
-116
27
-75
-58
-60
-61
-90
109
83
-48
-108
68
-93
-126
25
57
-6
-75
-127
-51
56
84
-37
-63
-38
112
-79
117
35
-1
32
6
-86
83
-27
-18
-8
-29
-87
105
-91
59
102
39
-128
-61
88
-118
-83
82
-74
72
-45
-104
-100
4
37
-82
-44
-11
119
23
22
41
-81
6
98
-24
-118
-114
102
-31
-120
102
4
112
92
47
41
69
-7
-13
89
-44
-117
-4
20
-8
32
-13
113
35
68
-47
74
56
-60
9
-45
-24
-97
-123
61
-49
-90
-42
107
-128
56
82
-74
54
8
-89
23
54
69
-93
-122
16
46
-45
-69
87
-114
91
72
-91
-76
75
37
-74
71
-110
-116
110
-119
77
121
84
29
27
91
-91
69
35
13
42
-118
20
30
55
54
90
127
80
-58
4
109
-20
106
-98
37
59
39
71
123
-61
110
-11
-40
-62
-72
-57
27
-69
86
88
31
-35
27
22
67
-104
21
102
-53
-30
-107
-11
82
91
14
-115
-58
88
-54
-61
-21
-77
-9
57
-22
-3
62
-100
51
-62
-123
105
93
32
72
-124
9
-68
9
-23
-43
-2
-94
63
109
34
44
109
-32
10
-74
68
-94
0
113
-75
-40
28
105
-95
72
-112
96
-24
124
51
-34
-87
-51
-71
66
-6
15
-17
-49
43
33
-48
110
-86
-104
53
69
-124
22
36
-34
4
103
80
117
-126
59
-74
-109
117
-83
40
121
0
46
85
-79
45
66
23
-58
56
45
96
-10
-86
9
103
-111
96
-95
53
-10
-46
-25
-120
58
-4
104
106
40
-99
-82
-85
-88
-85
120
26
92
99
-41
56
34
-5
-10
-121
113
87
55
86
-103
-11
-124
-80
121
-71
87
-95
74
109
-109
9
90
96
21
47
115
21
39
-13
57
127
37
52
33
66
-106
100
105
67
43
-59
-59
-5
36
-47
-96
-7
-87
39
108
-77
13
-26
103
-66
58
-83
-118
-5
111
-99
-19
106
-86
25
-36
-104
-122
126
51
57
-12
103
17
-119
-120
75
31
73
10
64
-58
-1
37
20
87
-116
-25
-35
105
58
83
52
-81
-38
-6
-4
45
88
10
-69
-103
-115
-4
-33
62
-88
38
61
98
52
121
17
85
5
-36
-33
6
-79
-121
19
60
-13
-73
-46
-51
77
52
67
42
-39
82
-91
-60
123
123
119
-43
110
110
116
4
-72
-104
107
64
121
64
-121
5
-67
69
-95
-110
113
53
-94
-26
76
-100
-122
67
-7
-94
-9
-49
71
39
53
91
-124
22
-65
14
-23
108
69
24
-10
66
-40
11
59
-10
-66
96
-24
-61
-67
58
-17
-7
-105
69
1
-63
16
-33
-40
-2
-125
-47
66
36
-4
-127
-60
115
-116
-91
-1
5
34
-47
-38
-48
-34
-112
117
13
21
-30
91
125
-113
73
-122
-77
85
-72
126
-75
92
-102
-45
78
-22
-89
100
41
67
87
0
-32
-82
-54
-60
-28
17
-50
109
-23
33
-4
-106
34
97
-126
-68
-116
-113
10
7
-85
-59
64
17
112
-47
-66
-25
14
-108
-69
108
-42
58
-109
-119
113
-36
47
57
-102
-70
-96
-60
72
16
-50
8
46
-30
-106
-106
-43
-72
-49
-110
-117
-96
123
-118
3
127
3
-96
16
-38
-28
121
34
15
-124
-52
103
-46
33
101
62
-121
-44
65
-65
-2
93
-75
-7
16
33
45
27
-14
80
-97
93
103
-6
21
-103
39
-21
-58
-85
20
90
70
94
-82
-38
-42
9
-83
93
-65
116
0
39
-120
-13
45
72
-24
21
-73
-101
-15
-16
90
73
-57
80
66
-73
25
61
34
-111
-29
52
-110
-30
-25
-20
39
11
25
-102
-113
69
23
17
36
-67
-15
-14
-124
76
-118
83
-4
23
70
-62
-42
27
-64
107
-78
-83
-92
-6
-63
38
-62
45
88
-113
102
-39
-17
-76
-12
-82
-36
-10
-94
-104
-28
-30
-33
-120
122
-19
70
6
46
-43
29
-71
-81
-115
6
94
50
-36
52
-120
121
18
-108
120
-53
72
26
94
-73
38
-101
0
-29
87
33
-65
1
23
-21
75
21
55
-123
101
89
-17
-24
21
-52
-61
-12
-8
102
-43
-19
-42
35
-97
56
108
-117
-28
86
-119
7
105
-52
29
-80
87
111
-27
-5
15
-28
23
-101
78
-64
121
-59
-114
64
-41
69
-114
-115
123
-101
82
27
-89
-47
-34
52
-37
-1
63
-47
66
-42
108
49
-108
-92
24
-111
80
-84
-76
30
-62
-31
-54
-98
33
-74
55
-49
-81
-123
113
-85
-100
16
-103
-122
-2
106
91
-74
-17
-96
20
-19
20
-46
-13
-113
-98
29
-91
34
-32
-24
2
77
93
84
82
5
112
-8
33
-33
-112
-82
-102
-63
-98
34
-104
106
58
-51
-111
-4
-90
32
121
90
-34
93
101
-24
-67
18
-64
6
-38
115
63
-60
100
17
102
100
110
29
-105
-27
-54
9
-113
92
-125
46
-91
3
-92
19
70
-30
-102
-4
-39
-20
-11
45
-92
53
121
127
12
-41
-30
-20
-116
123
-99
-60
-87
-69
76
19
-102
5
14
46
23
-92
116
9
21
-46
-99
-30
67
-121
62
54
33
-100
33
121
102
68
-41
-90
-37
-20
-125
36
35
-70
7
98
-21
92
-31
36
-86
-84
-17
-17
7
97
-39
62
-31
6
-110
77
21
-98
74
12
-50
-47
27
-43
-73
60
6
-105
-31
106
-1
22
-43
-102
23
-30
-127
95
22
18
-115
-21
-64
-43
-98
107
-42
-117
-125
-116
14
16
-9
-13
6
6
114
110
90
-107
106
49
-101
-25
-4
-44
13
-52
10
-97
57
28
110
-88
125
-98
16
-79
-105
58
-116
43
40
85
-63
87
-94
72
100
48
-112
-29
-33
-50
34
77
76
-109
32
-79
-30
-6
-22
-6
-4
22
16
-83
-49
-10
73
89
120
-39
127
-101
104
90
48
99
-120
-107
-45
-46
-88
-105
115
-115
-27
-62
-80
97
89
-66
62
-69
-13
-25
36
112
-47
106
89
-75
122
58
-92
82
68
9
-34
-32
102
105
98
13
-89
6
70
-81
43
91
-111
-73
61
33
-42
42
-64
-14
46
71
-75
50
-115
43
54
-29
-42
-51
33
127
-82
-25
117
8
127
7
-13
121
-26
91
70
110
9
-20
71
-109
-96
69
0
71
110
98
-95
-95
-81
-42
46
66
-4
79
54
12
100
-99
-55
-3
20
-4
60
-21
-30
-102
-32
11
-106
29
70
-34
-1
-80
123
-92
-58
-17
84
85
68
62
-102
-59
76
-24
54
-122
3
106
83
-21
1
-24
-3
-13
86
-13
81
-8
-89
-27
3
-71
97
-11
-125
89
93
-39
-110
120
-79
33
-108
-105
-32
-33
26
13
39
94
9
-75
2
109
95
78
-13
27
-74
-48
-79
72
64
97
101
101
-22
36
7
97
107
57
46
32
-96
36
104
47
70
-40
-98
16
-112
45
-26
-63
6
-35
-123
20
-94
40
6
-93
96
21
9
119
103
-81
-67
53
-84
111
86
-97
-123
-4
69
41
67
-4
87
120
93
-93
8
23
73
-4
-85
-113
-117
32
31
34
18
-59
-72
51
-77
-4
120
-52
-69
84
-66
-86
-114
-58
115
86
-12
42
-62
-62
83
-38
-110
70
-25
61
106
4
3
-111
-43
-118
87
41
-15
104
109
83
-125
-74
-5
104
41
69
37
111
44
-92
-1
-124
72
78
92
15
79
26
72
-98
5
101
-25
-104
-2
-96
-120
21
-20
-8
-47
-71
-67
25
-93
123
-64
24
63
44
82
30
-120
-30
83
56
-107
89
38
116
37
43
-93
121
24
-99
-7
75
30
-57
-33
109
80
-80
-105
-31
73
67
-14
-34
-80
-85
-52
78
-110
-87
5
-21
73
77
14
-101
-114
-91
-10
15
-83
114
-26
-19
122
-89
75
-72
-64
-81
70
-84
-61
51
39
80
-29
100
93
-35
5
80
125
113
-45
-61
-48
-32
-119
-78
-29
79
90
48
-67
82
-67
-76
-69
14
-57
-69
-43
109
32
-12
99
66
40
52
26
51
-116
-11
-83
-66
14
52
-14
-85
-35
83
106
74
-69
60
-45
72
56
-80
-34
127
99
-13
88
-53
97
71
-3
-30
66
-9
-56
39
41
-121
-60
-119
34
119
-55
-39
35
-101
60
-52
-119
-100
100
86
-92
-99
104
116
-77
-51
-34
-71
-97
-63
14
115
45
-77
-15
17
62
-54
-21
39
43
-48
-98
105
65
122
-121
65
-54
-80
-115
-87
104
-10
50
-14
10
125
90
-102
31
74
-113
47
-26
-86
-23
46
-112
55
-48
-80
-60
-124
-122
-94
3
111
-15
-32
-74
-54
66
25
104
-31
112
58
-63
-14
-90
-24
-114
125
0
16
28
19
26
83
34
46
-7
-118
98
117
-27
-28
100
-106
126
13
-49
-74
-128
34
104
1
85
115
14
-58
-80
11
5
102
-78
90
104
-108
101
-12
39
-74
-59
-18
78
-17
56
-42
-35
-36
-52
-8
86
-18
126
-71
125
28
-81
-111
-40
71
-49
-11
40
-12
-49
-41
24
-117
-67
105
-91
-58
73
3
77
93
-77
14
29
85
41
43
121
-25
-37
21
64
104
21
34
-2
-104
111
65
-117
-89
71
68
-86
63
124
-115
19
-113
-74
80
29
-35
101
-3
58
10
-24
-86
77
-118
-72
92
101
-3
-108
-120
116
-49
-34
16
-124
36
91
-75
69
119
-126
119
87
91
-103
69
95
-67
-109
123
-28
-69
-52
-89
-72
-127
-56
-8
80
107
-14
-108
-32
9
72
-4
121
-88
-1
110
-2
87
-74
115
-61
-83
34
5
80
21
-41
-69
-16
52
-63
-122
-110
101
72
23
77
23
82
105
-27
125
-123
32
98
-48
-35
85
-72
-75
99
119
-37
-105
93
-69
-38
-40
-59
64
-126
107
62
-30
-33
-67
26
71
-28
-92
-56
-128
-62
80
46
42
77
56
-40
91
76
-106
41
-29
-91
57
55
119
-94
-14
-67
6
38
-75
33
40
24
83
108
-102
80
45
-104
16
72
115
46
-49
-17
-113
-58
98
126
-117
10
2
-91
-37
33
-58
90
-3
72
-7
-45
66
-84
15
72
-6
-118
-7
112
117
86
-33
-61
53
-30
12
-8
-93
122
-128
7
50
37
74
99
19
-116
88
127
-10
-47
-7
106
-85
0
38
120
83
-89
109
-107
-41
-80
-25
29
49
-3
-74
-122
39
53
44
35
-8
-99
-122
-82
-63
42
36
-19
3
-74
104
105
-22
-106
-89
-53
66
98
-61
25
53
115
-35
-14
66
-107
93
33
30
-52
114
59
-99
-79
33
-61
41
26
-120
-30
-119
103
111
-68
109
-122
37
17
-101
-119
70
48
125
8
95
10
82
-12
8
-56
-54
-73
-8
72
89
-84
50
96
64
75
37
-116
-8
124
-35
-118
-69
-117
-65
75
-97
57
72
82
-22
112
28
-1
-116
55
3
-82
-37
120
5
117
76
-50
50
-57
-57
110
21
-29
-10
-74
-3
87
85
2
-34
-77
-5
-30
-46
38
102
-33
-28
97
-47
88
-27
-56
-112
-33
-80
-53
-29
-6
107
4
104
96
-36
-71
-55
-16
53
64
-71
-53
-65
-45
-23
2
51
37
-102
-72
95
-15
-24
125
-21
41
122
-99
-3
33
80
-64
27
-10
98
80
-113
-99
-112
-1
-15
88
47
78
43
-41
56
53
63
-1
81
45
-57
-104
-48
-57
-62
-22
-17
-6
-88
-7
-123
-46
-100
47
104
104
54
-109
-26
-24
-94
109
-47
66
-99
12
-1
-58
16
-34
96
17
-93
-16
-76
-21
2
-92
50
21
-77
-38
18
25
51
86
13
14
-112
-1
77
8
-60
-120
-15
-59
108
-7
-18
110
61
71
21
93
-12
20
-17
39
29
18
45
-99
90
75
-11
-98
86
68
35
53
-5
41
13
61
63
5
-37
86
-11
108
-34
32
64
65
-33
85
114
127
63
66
-74
-119
-1
-10
33
81
78
-97
126
-112
64
73
98
-96
-43
6
-92
63
59
62
93
95
4
50
119
-94
44
59
-2
-23
107
-103
91
-18
97
-124
66
20
115
-77
82
103
-65
71
95
120
-69
55
87
-127
-114
-36
-3
-89
51
-7
123
116
38
-122
-85
41
-72
-63
3
87
58
-59
43
-58
-78
-81
-123
49
16
-88
-50
-109
75
55
74
64
62
-64
-83
12
-5
-43
-84
37
-107
13
-49
-26
53
47
-88
126
127
94
-116
-102
-46
-78
29
46
-50
-114
-63
80
68
-26
91
-128
-105
108
-32
-123
93
28
-124
-53
2
-91
-126
43
51
-3
47
-35
40
-56
92
-124
-5
-122
-83
83
-73
-60
-113
-38
77
36
55
106
12
-98
-91
16
48
55
98
8
4
111
76
-19
82
24
112
-35
105
103
33
-92
-126
60
107
-72
-32
-45
101
-41
-11
92
-39
124
-108
-121
46
89
40
47
70
-37
125
-97
-88
3
-32
-67
31
74
-18
-102
37
50
-54
-95
-85
-60
94
47
25
46
23
-21
-12
5
-49
120
-101
51
-85
-50
57
-32
-16
-53
16
-21
-77
110
-59
-25
-109
-19
-95
-54
-84
-62
-67
-101
-49
89
-16
-97
-41
22
94
-13
60
1
110
-87
122
60
120
71
116
90
-122
-17
-113
-29
-8
86
-21
-11
30
-23
-3
32
-29
72
-84
54
125
-102
64
-38
-48
81
-32
-113
-11
9
102
-39
-61
62
-61
45
93
69
-28
103
-66
43
-88
-44
4
38
-47
109
18
-123
75
-65
-9
-68
64
47
59
18
76
114
58
27
-48
114
-7
-52
-3
-64
-51
117
-105
101
-21
24
81
103
95
-97
-110
64
96
107
-125
-94
61
43
53
-49
-98
112
-15
26
-115
-112
-83
113
-53
44
117
-24
14
-67
121
-31
-13
-91
123
115
66
91
-75
-23
-80
-121
-121
-120
108
39
79
93
120
-23
-120
49
116
-75
-37
-5
100
-39
53
9
-115
84
-128
-14
61
-124
12
62
102
-128
35
-53
-109
113
-17
114
41
-13
27
22
-54
118
-70
-37
117
54
99
-100
-91
127
-114
-85
75
43
18
-34
-99
81
-96
-31
-38
-17
106
90
101
8
-106
18
21
-92
55
-33
-93
-48
37
-114
-44
-107
11
-111
89
108
-26
30
-14
28
94
-6
-59
