-13
-4
-18
-8
-9
17
-12
15
13
-9
-3
3
-19
29
-30
-30
2
-5
7
6
-19
0
-10
4
18
-24
-3
-11
-3
-26
-4
-21
17
11
0
-3
-31
33
-5
0
0
-12
-2
-27
-15
-4
-8
5
-11
-47
-11
11
-3
-12
16
-11
-36
2
-29
-34
-39
37
11
-27
1
-27
-27
-31
-11
11
4
24
44
-21
-26
-13
-6
23
-41
-22
8
-10
21
-5
-19
-22
-44
37
39
-34
-3
-21
0
-21
-19
-34
26
-34
-12
-3
-17
33
-9
20
23
-10
-51
-44
-47
-27
-8
-13
3
-59
-26
21
-32
-29
8
-14
-55
8
-31
-71
-36
73
15
-55
6
-13
-29
-50
-16
27
32
23
51
-24
-20
-16
-9
40
-9
0
0
-11
32
-4
-22
-40
-55
27
22
-39
4
-48
9
-1
-20
-12
16
-18
-3
8
-25
23
-9
26
45
-21
-5
-37
-68
-61
1
-10
2
-82
-33
13
-5
3
58
-16
-24
-11
-54
-24
-28
64
11
-47
17
-31
-3
-74
1
17
38
63
61
-29
-21
11
-4
35
-10
0
19
-26
30
-33
10
-34
-29
47
30
-37
19
-33
-5
-11
-6
21
7
-38
-25
0
-1
32
-39
28
50
-18
-19
-22
-43
-52
-4
-17
-5
-61
-43
21
-2
16
44
6
-49
-16
-40
-41
-39
64
42
-40
12
-13
-10
-67
-3
-11
43
22
48
-44
-36
14
-17
16
-1
-7
-1
-19
20
-51
-3
-20
-15
21
12
-15
10
-39
-3
-7
-26
-1
5
-28
-18
-16
-13
23
-14
14
46
-17
-25
-5
-22
-38
-1
6
-8
-61
-33
6
13
-11
76
1
-45
-22
-23
-29
-20
58
28
-7
7
-28
4
-51
2
-2
23
39
31
-17
-48
11
-14
16
-36
-3
4
-28
30
-17
-3
-36
-18
11
-3
-26
4
-59
19
-6
8
5
-9
-38
-14
-10
-8
25
-14
19
8
-33
-17
-28
-29
-35
-3
-2
-12
-41
-24
2
3
-31
36
21
-40
-32
-18
-13
-32
43
43
-4
6
-13
6
-59
-15
15
36
21
30
5
2
17
-17
11
-19
-6
-16
-20
27
-15
13
-30
-19
39
38
-27
32
-17
-6
-18
11
2
9
-14
-13
6
-21
23
-9
-1
20
-18
-5
-17
-29
-16
6
-16
16
-41
-39
18
-7
-5
33
-5
-28
-12
-30
-17
-13
54
40
-5
-7
-5
0
-31
3
-11
23
35
13
-20
8
-3
-13
13
5
-3
-11
-28
10
-31
0
-5
-8
23
2
8
-12
-11
-9
-28
-19
10
19
15
-5
17
15
-5
-10
7
-11
13
-3
10
-8
-27
15
-9
-7
-24
-16
-4
-13
10
37
28
-16
-12
4
-3
-19
25
-18
7
0
-32
-13
-19
-9
7
-21
-1
10
-26
-32
-17
-22
21
-22
-22
36
-47
1
-9
-3
-6
-4
-18
20
-23
-17
-14
-17
-16
18
-10
-25
-32
-12
-28
-27
4
-16
-27
-5
-8
-10
-10
17
9
-6
-18
-19
-38
-25
-5
-22
-8
4
-27
-34
-2
-39
-32
-41
37
-21
-22
-1
-4
-23
-20
-23
-17
4
9
19
-32
-74
-21
-30
28
-32
-37
11
-57
-6
-16
-16
-40
-37
11
43
-38
-14
-32
-44
-2
-13
-29
-60
-45
-23
-38
-5
-5
-24
-16
28
6
-54
-16
-10
15
-19
-35
-15
-29
-33
-8
-22
-11
-10
-41
-23
5
-42
-43
-38
42
-44
-43
-9
-15
-12
-27
-38
-1
27
-9
39
-5
-87
-29
-21
51
-43
-62
35
-67
17
-14
-38
-51
-36
3
43
-71
-26
-39
-39
5
6
-11
-54
-28
-21
-16
-34
3
-16
-30
-16
-19
-36
-22
-8
-12
-13
-4
-27
-40
-57
-44
-38
0
34
-38
-34
-2
-85
-57
-32
40
-27
-63
21
-47
14
-44
-8
-14
28
48
46
-47
-87
-3
-11
52
-31
-21
35
-48
15
-30
-7
-24
-15
53
19
-43
6
-10
-46
7
9
-19
-39
-52
-31
18
1
33
-22
-12
-2
-6
-50
-11
-24
-9
-18
-1
11
-25
-32
-8
-29
-3
35
-11
-47
1
-35
-66
-37
29
-29
-37
26
-13
-16
-14
0
-19
16
-8
51
-57
-90
-20
-1
23
1
-45
28
-31
6
-57
11
-22
-17
16
6
-49
-34
-19
-22
-12
18
-6
-14
-70
-14
-15
2
8
-20
-7
-9
-32
-47
-37
-2
-1
7
11
-16
-49
-33
42
-35
-17
38
2
-47
-17
-20
-45
-34
10
-22
-19
6
-30
-8
-17
-5
-27
19
14
35
-38
-67
-39
-19
39
-23
-34
36
-47
15
-22
-22
-58
1
4
30
-19
-9
-55
-27
-18
27
-10
-34
-65
-37
-24
-20
-4
-34
-13
-23
-52
-36
-65
-40
-2
-10
3
-7
-25
-39
5
-10
-31
17
-5
-35
-9
-40
-21
-29
23
3
-14
9
-8
33
-26
-27
-1
12
10
15
-11
-43
-15
-14
39
4
-19
-16
-40
3
-39
1
-49
-21
36
30
-19
1
-29
-32
-21
28
2
-11
-22
-17
-1
-37
13
-16
-29
-5
-36
-27
-46
-15
-24
-12
-35
17
-15
-34
28
-12
-22
5
-12
-44
1
-29
-53
0
43
1
-31
-19
-7
1
-17
6
-21
15
44
-1
-18
-26
-33
-14
10
9
0
-13
-50
-3
-50
-12
-4
-22
26
4
1
-14
-6
-16
-1
-2
-5
8
-24
-1
14
25
-27
-22
2
-31
-3
-11
-1
2
-26
14
-22
9
-18
-21
7
-21
7
20
5
-29
-25
-4
-21
-10
18
-37
-3
39
-10
4
17
-6
4
-9
17
-3
-33
-27
11
-13
14
-6
-11
30
-17
5
-6
27
5
3
-1
4
-30
-15
-14
-22
-3
19
0
-34
5
-6
-33
-2
26
-13
-7
13
21
-9
6
9
18
-1
2
-1
-15
-23
-30
-15
-9
21
-2
-32
6
-19
-33
-37
0
-15
-29
36
-6
-23
8
-15
7
-19
-9
25
-41
-57
14
-31
16
-21
-27
32
-33
4
-16
11
-10
12
-6
7
-16
-41
-41
-48
-6
-3
-14
-56
-12
-6
-19
-17
35
-33
-23
14
-26
-10
-13
-2
6
-6
-18
-19
-24
-19
-34
-16
-27
9
-13
-33
-15
-31
-3
-7
17
-24
-18
-8
2
-37
-18
19
14
22
-6
14
-17
-55
5
-21
19
-41
-11
33
-48
28
6
-7
-26
13
-2
36
-22
-46
-42
-30
-7
28
0
-45
-10
-26
-10
-32
52
-6
-25
-3
-33
-30
-10
-25
5
-11
4
-36
-45
-30
-47
-41
-27
31
-24
-30
-16
-60
-40
-6
41
-38
-35
-8
-39
-20
-35
7
2
15
58
20
-55
-53
-3
-21
22
-44
-11
29
-41
11
-16
-6
-67
-19
19
27
-45
-19
-17
-41
11
16
-40
-38
-55
-15
5
-10
46
6
26
5
4
-44
-14
9
26
-9
-7
-24
-38
6
-25
-37
-32
40
-46
-25
-11
-40
-56
-37
71
-37
-11
-17
-26
-42
-20
-21
15
5
20
47
-55
-76
-36
-41
18
-50
-24
42
-23
16
-41
-27
-60
-13
-1
22
-72
-29
-18
-12
8
22
-1
-22
-76
-11
-10
-34
7
-22
7
-4
-30
-23
-47
-12
3
4
-12
-39
-58
-26
9
-47
-52
24
-7
-20
-10
-50
-43
-51
57
-25
-17
14
-17
-37
-27
-22
-20
38
14
23
-39
-69
-41
-32
38
-46
-36
40
-33
35
-10
-27
-40
1
2
33
-46
-27
-44
4
-18
18
-24
-15
-79
-4
-32
-50
26
-10
5
-28
-29
-42
-36
-29
-2
-6
-18
-21
-46
-15
-32
2
-53
10
-23
-26
-14
-57
-36
-40
66
-35
-35
29
-7
-8
-46
-34
-20
25
-3
15
-18
-41
-14
-28
23
-40
-16
-20
-20
53
-19
11
-23
-35
9
35
-26
-21
-15
3
-20
-2
1
-25
-58
-2
14
-45
18
1
5
8
14
-22
-40
-12
-13
6
-26
33
-42
-17
-3
-12
-49
-1
-28
-18
6
-49
-41
-10
37
-17
-17
-7
-8
-24
-29
5
-4
41
47
-5
-31
-21
-32
-6
1
-2
16
-8
-24
33
-41
1
-7
-13
9
6
-13
-21
14
-13
-15
-2
3
-3
-35
-5
27
14
-25
-9
14
-11
-13
-23
-1
-4
-17
19
-1
7
-20
-4
1
-22
-7
12
-4
-27
-24
-12
-15
-10
21
-33
-4
-12
-19
-9
36
-8
36
-21
18
25
-12
5
2
-25
36
-25
-8
10
-9
15
-25
19
-31
3
13
6
-21
7
-26
7
3
26
-6
12
-26
-19
2
-26
36
-3
15
31
5
-8
-22
7
-26
-26
0
8
-7
2
1
-39
-17
3
-6
-29
3
-11
-16
-30
27
-3
2
-5
-6
-30
-6
-47
10
-7
4
38
-40
-26
0
-28
36
10
-3
27
-22
17
-15
41
-23
-3
12
13
-21
-25
-7
-10
2
13
-4
-8
-21
-9
-25
-30
53
-4
-1
-5
-23
-23
-28
5
-36
9
-26
-9
-9
-16
5
-45
-11
-3
-1
-32
-11
-19
-15
-33
48
-29
-31
13
-8
-39
-19
-15
-8
39
-16
28
-42
-64
-13
-23
15
-36
0
53
-39
15
0
20
-28
0
-22
39
-17
-33
-29
-28
-13
29
-2
-27
-37
-19
-27
-42
31
10
-26
-8
2
-53
-28
-10
-17
14
4
-20
-30
-17
-12
-33
-25
27
-16
-37
-11
-34
-31
-33
39
-26
-28
-6
-18
-35
-37
17
-12
58
32
26
-61
-81
1
-20
19
-40
-18
41
-36
15
-5
-7
-44
-10
-3
39
-38
-12
-22
-29
1
13
-10
-29
-56
-22
-19
-20
34
-1
-1
4
5
-42
-10
-1
5
-3
-2
-29
-54
-20
-9
-15
-47
25
-37
-31
-25
-46
-39
-27
57
-14
-23
2
-21
-35
-38
12
7
20
15
18
-58
-80
-3
-22
26
-65
-47
64
-37
26
0
-18
-13
-22
13
11
-61
-38
-27
-32
10
-15
-2
-32
-61
-5
-13
-41
51
-12
-23
-1
-29
-39
-29
2
1
0
-35
-33
-53
2
-48
-10
-41
34
-46
-16
-4
-40
-27
-51
51
-39
-24
4
-6
-40
-40
8
-10
61
-3
16
-42
-64
-12
4
29
-44
-21
36
-61
41
-4
6
-17
-14
14
7
-53
-19
-27
-17
-6
-20
11
-36
-84
-19
-11
-19
20
4
-8
-9
-46
-14
-15
-4
-9
11
-42
-23
-42
4
-56
-21
-19
26
-31
-12
-12
-49
-20
-40
64
-39
-30
16
-3
-28
-44
-2
-36
13
12
-10
-22
-23
-14
-2
9
-26
-4
-28
-22
34
-33
-9
-41
-40
2
17
-26
-12
-13
-26
-23
-20
-5
-41
-41
-14
16
8
1
3
-9
5
8
-10
-34
-10
13
-8
-9
23
-36
-2
-27
-19
-40
-7
-21
-3
0
-43
-27
-6
33
-32
-3
-8
-4
-33
-22
9
-13
14
48
0
-18
-30
-12
0
-2
-8
15
-18
-25
13
-49
-2
-27
-10
7
0
-26
-23
17
-20
-18
5
10
-13
-15
0
28
30
-13
-5
8
4
-22
-16
-11
2
14
4
1
15
1
0
19
-19
6
5
-20
-24
-17
-11
-15
-9
3
-30
9
-25
-16
16
13
9
42
-19
30
24
-16
-19
-8
-7
7
-27
-46
21
-24
15
9
11
-22
6
-16
10
-39
-10
-2
3
-3
3
-25
-14
-29
-4
-15
-19
50
-11
23
44
42
-9
-47
-5
-3
4
-6
-32
-34
13
-16
-30
-30
9
-25
-13
5
-34
-32
-45
33
-20
12
3
-10
-13
-23
-27
-3
-25
23
35
-25
-68
-7
9
7
-17
-49
30
-32
20
-22
6
-26
-16
-18
42
-51
-37
12
-18
30
2
-30
-24
-59
-23
-40
-6
38
0
8
17
11
-35
-22
21
-18
11
-13
-26
-42
-23
-27
-25
-48
7
-42
-29
28
-28
-65
-72
55
-21
-17
24
-2
-35
-36
-11
-23
35
28
57
-64
-78
-28
14
13
-5
-15
28
-24
27
-20
0
-35
-16
-12
32
-44
-27
-8
-26
7
-4
1
-17
-66
-22
-10
-17
46
4
14
32
-14
-52
-21
0
-2
-1
1
7
-59
-18
-26
-11
-37
46
-40
-33
12
-17
-46
-58
50
-28
-30
-1
-6
-29
-32
23
-19
42
12
40
-51
-69
-17
3
22
-23
-26
31
-22
8
6
15
-13
7
-2
23
-46
-36
-18
-42
-9
10
6
-23
-44
-14
-12
-21
37
18
-3
9
-6
-30
-31
-9
8
-8
-7
-17
-46
5
-20
1
-33
32
-24
-38
6
-31
-19
-41
35
-26
-27
3
-10
-45
-22
6
-4
44
3
29
-28
-75
8
5
33
-43
-48
20
-28
29
22
-8
-32
-16
-4
33
-18
-32
-20
-54
8
2
2
-21
-42
-15
-6
-7
16
13
-39
2
-4
-17
-30
-29
-6
8
-27
-37
-56
-3
-37
-5
-37
46
-13
-29
-2
-36
-14
-52
38
-47
-45
25
-10
-27
-29
-8
-3
40
20
31
-17
-67
13
-2
25
-18
-25
-1
-19
32
-3
0
-23
-20
0
27
-23
-9
3
-30
7
11
-1
-14
-52
-14
-12
-13
33
10
-11
-5
-11
14
-11
-39
2
5
-22
-7
-16
4
-20
-11
-21
42
-21
-12
-16
-30
-8
-28
25
-44
-34
20
-1
6
-25
-4
-24
5
7
16
-31
-30
-24
-37
6
-4
11
-35
-8
28
-25
14
-26
-29
-7
26
-25
-3
6
-13
-18
-2
9
-11
-32
-13
-7
-20
-20
-4
-14
-20
18
25
-27
-37
6
2
-8
18
-25
-3
18
-24
-24
6
-8
-32
4
-37
-27
-15
-1
-7
-4
-2
3
-9
-13
5
-6
24
41
-3
-32
-26
-23
-36
-4
-10
12
-24
-24
18
-38
-11
-10
-7
-11
-9
-7
-17
2
-9
-22
6
10
-15
-9
15
15
31
-25
-11
-8
-29
-1
-9
-11
-10
7
-2
10
10
7
-14
14
-16
-17
0
-1
-39
-23
1
-12
6
1
-4
17
6
-20
-22
-17
12
4
20
60
28
-66
-1
-4
-2
-10
-26
-6
41
-24
33
21
10
-16
1
14
4
-29
-14
-15
-5
1
-11
-1
-34
-29
-12
-28
-13
47
-3
25
26
17
-19
-4
1
-9
13
5
-24
-15
-29
-36
-17
-24
7
-38
-22
-3
-45
-33
-30
37
5
-17
-5
-12
-33
-32
23
22
-16
49
-12
-65
-43
-8
-10
5
-22
-24
37
-13
42
-21
-5
-51
-15
-23
-7
-42
-34
-26
-34
36
2
-26
-46
-59
-28
-21
8
45
-40
-13
73
-2
-2
16
29
-6
-7
14
-31
-56
-25
-18
-16
-29
38
-44
-17
7
-57
-22
-43
17
-29
-12
1
-36
-24
-41
11
-11
16
36
23
-61
-59
-22
-6
6
-41
-21
27
-45
9
-30
-13
-45
-23
-14
29
-69
-29
-23
-8
8
-1
0
-23
-73
-24
-6
-20
31
6
5
-3
-29
-32
-8
19
4
-1
4
-25
-45
-24
18
4
-29
49
-35
-16
-5
-45
-25
-37
26
-34
-19
-3
-23
-51
-42
9
-14
14
18
24
-44
-59
-19
-11
22
-48
-20
36
-46
16
-13
-15
-32
-15
-1
22
-44
-37
-18
-16
3
-3
1
-27
-63
-11
-19
-44
30
15
-7
-30
-28
-43
-42
-21
18
-3
-6
-13
-41
-18
-12
-9
-28
34
-31
-26
-5
-32
-50
-38
34
-42
-16
-8
-7
-60
-7
3
-16
47
13
22
-28
-59
-25
-16
38
-24
-40
12
-43
26
-2
-24
-18
-24
-5
20
-38
-34
-19
-20
10
16
-12
-17
-58
-19
13
-38
19
18
1
-20
-50
-27
-24
-35
-12
5
-1
1
-39
-3
-18
-6
-23
39
-27
-17
-27
-43
-37
-36
36
-44
-32
-4
-20
-36
-17
-5
-15
40
25
36
7
-41
-12
8
21
-12
-18
8
-4
43
8
7
-23
-27
17
4
-28
-36
9
1
1
15
-10
2
-45
-8
8
-17
34
20
19
1
-10
-34
-35
-14
-6
1
-16
16
-23
-1
-15
-30
-19
40
-12
-27
-11
-25
-22
-34
48
-32
-27
6
-7
8
-16
11
-12
43
8
19
-10
-14
-40
-4
4
-10
9
-42
5
25
-34
26
-4
-34
38
52
-29
20
14
5
-13
7
24
9
-35
-29
17
-20
-11
2
-2
29
9
2
-52
-39
-6
-8
-12
29
-40
-8
21
-19
-7
16
-10
-23
-3
-46
-18
-19
20
-2
-8
-14
7
-8
-6
11
-8
30
47
5
-37
5
-37
-11
4
3
1
-24
-17
18
-39
-7
-3
1
11
6
4
-32
21
-23
-31
-15
0
3
-2
14
11
17
-21
-4
-12
-13
3
-19
-20
-6
-8
12
-13
0
-21
-10
-14
-14
9
15
-2
-33
-2
-14
-5
-7
7
-28
5
3
-29
4
9
-14
11
-2
52
14
-41
-31
-2
19
16
-9
-19
12
-19
20
33
24
-15
2
19
-1
-9
-22
-10
-27
-7
-2
-12
-5
-36
-37
-27
-19
-2
-13
16
37
0
-4
-9
23
9
3
24
-17
12
-8
7
-2
-4
-10
-22
-29
-11
-6
-40
-13
11
-22
-3
-6
-19
-18
-7
-8
38
7
28
-2
-37
-59
9
18
17
-19
-38
33
-25
-3
15
15
-43
21
-6
-10
-4
-35
-27
-34
-9
-17
-6
0
-41
-60
-42
-38
-5
-8
-1
35
-23
21
1
27
9
25
10
-46
-35
-30
-33
-6
-29
20
-18
18
4
23
-45
-19
-8
-39
-12
7
-22
-4
-17
19
12
-5
-1
-23
-54
-49
5
-2
21
-9
-30
71
-45
-2
9
10
-38
30
-2
7
-18
-19
-19
-41
-19
12
-9
10
-17
-31
-58
-23
-6
8
10
-27
-27
-1
-6
27
48
2
16
-58
-22
-10
-38
3
-26
12
-15
-4
-5
-3
-22
-35
2
-43
4
9
-5
-34
-16
9
8
18
-6
0
-36
-47
10
-11
22
-16
-20
52
-32
-3
23
-6
-32
28
-5
14
-2
-23
-28
-54
-26
17
1
-5
-20
-40
-51
-39
-17
-8
-19
-20
-33
-14
6
32
41
22
28
-33
-36
-29
-35
1
-39
20
-18
-2
-20
-6
-22
-34
18
-20
-22
15
-29
-37
-7
-2
23
21
3
25
-29
-37
4
-27
36
-34
1
41
-30
16
16
-24
-27
18
-5
14
-11
-13
-33
-26
-38
13
-5
-23
-1
-43
-28
-39
-6
-18
12
-3
-34
7
-20
14
31
9
9
-25
-27
-32
-18
-19
-40
9
-15
8
-29
-19
-46
-22
42
-30
-38
-6
-16
-30
-18
-8
2
22
18
40
-7
-27
-9
-28
29
-29
5
14
-21
8
7
-24
-29
3
3
10
-29
-5
-12
-30
-16
19
-11
-17
-13
-23
-10
-27
6
13
16
11
-15
-5
-20
-8
14
1
4
-6
-33
-23
-17
-5
-22
3
-24
0
-27
-30
-41
-21
36
-13
-25
-7
-8
17
-24
-25
-27
20
16
18
17
-12
-13
-8
14
-5
16
-39
-8
4
-2
-3
-35
-24
28
32
-55
-5
18
-33
-10
2
-16
-13
-5
-34
-9
-2
-5
13
14
42
19
-18
-37
4
19
-17
-6
6
-39
-28
14
-7
-28
-42
-25
-32
3
-26
-12
-35
20
-19
8
-22
-2
-24
-6
11
-32
19
35
11
-31
-20
-28
-4
13
14
4
-11
-32
15
-41
-11
-22
-4
10
10
-10
-26
35
-28
-5
6
0
-7
-8
6
-11
30
-33
-6
-3
7
-4
-21
-10
11
-3
19
8
-7
-38
-25
12
-21
11
-4
-17
-43
-19
-19
-13
-20
14
-42
18
-20
-13
-7
0
-15
2
-5
24
9
-44
4
6
3
-3
2
-27
-7
-10
8
16
-5
-5
-7
4
-1
-3
11
-6
-20
3
-5
-7
-26
-27
-22
1
-2
13
15
16
37
2
-7
-10
7
13
-1
0
-19
-9
6
-5
-7
0
1
-30
1
25
-7
-31
-20
15
-34
-2
-20
-19
-14
-13
-44
-12
-10
33
19
-23
-20
-3
-1
-4
-10
-34
21
-35
-4
0
-6
-24
-2
12
0
-30
-24
-12
-32
-5
-8
-32
-21
-31
-14
-27
-35
37
32
21
16
10
-26
-16
24
6
22
-3
-41
-21
14
-14
-21
-41
7
-29
19
44
0
-29
-20
3
-30
-10
-24
-19
-12
-13
-3
-9
-18
25
-17
-55
-16
-15
9
4
-9
-41
40
-41
-2
-5
11
-26
20
19
-10
-8
-10
-23
-15
-20
-3
-11
-13
-53
-11
-43
-39
-3
24
1
8
-17
-23
-9
-1
10
7
-11
-31
-16
15
-18
-21
-9
11
-21
13
42
0
-50
-18
6
-40
-8
-17
-12
-22
19
-8
-4
-6
26
-7
-44
-2
0
11
5
-16
-28
42
-25
-4
3
20
-16
7
9
-10
-21
-15
-21
-27
-15
-1
-41
-15
-32
-14
-20
-36
-2
24
-2
0
-11
-38
-3
20
18
24
-24
-31
-10
4
-38
4
-14
-3
-35
5
22
-1
-29
-7
4
-37
-15
-7
-10
-26
17
0
-9
-9
11
2
-37
-20
-3
-6
-7
-33
-12
35
-34
11
7
-13
-26
18
9
4
-19
-26
-25
-22
-16
-2
-25
-17
-24
-1
-36
-40
20
24
-8
-12
4
-23
7
0
33
17
-27
-24
-18
-10
-37
-14
-26
-10
-32
-2
11
-12
-59
0
-3
-46
-24
-3
-10
-19
5
-2
-15
4
15
-1
-38
-31
-5
-10
-21
-17
1
20
-28
8
7
-15
-21
8
-6
7
-25
-17
-26
-20
-13
-3
-22
-17
-12
-14
-25
-21
11
9
-1
8
5
-27
11
4
33
2
-23
-29
-26
-2
-14
-11
-26
-5
-44
8
2
-9
-41
-11
19
-42
-17
-10
1
3
-15
-14
-8
-16
18
-13
-23
5
-1
6
-6
-17
-14
-32
-9
8
-9
-15
-31
-4
-11
11
-45
-14
-7
-4
-21
-10
-33
-10
-24
-20
-5
-8
4
8
8
15
14
-29
1
14
18
-25
-34
-16
-22
-3
10
-7
-29
-24
-41
-14
20
2
-44
-15
27
-25
0
-15
-1
-37
-17
7
-29
-3
26
0
-21
-21
-7
6
12
0
-8
-19
-13
-11
-40
-11
-18
1
-7
19
-50
-3
20
-16
-8
9
-5
0
-13
-6
4
28
-5
-6
4
24
-7
-25
2
17
10
-2
-12
-3
-18
-17
25
-24
9
5
-23
-23
-2
-6
-27
0
16
-17
1
