127
-127
122
-122
122
-122
125
-125
125
-125
122
-122
123
-123
123
-123
126
-126
126
-126
126
-126
127
-127
126
-126
104
-104
91
-91
97
-97
104
-104
104
-104
113
-113
106
-106
105
-105
112
-112
112
-112
124
-124
121
-121
117
-117
94
-94
102
-102
110
-110
114
-114
114
-114
114
-114
119
-119
95
-95
107
-107
124
-124
124
-124
112
-112
95
-95
92
-92
120
-120
115
-115
116
-116
108
-108
103
-103
87
-87
110
-110
125
-125
126
-126
112
-112
103
-103
107
-107
106
-106
106
-106
112
-112
106
-106
102
-102
106
-106
113
-113
124
-124
119
-119
110
-110
110
-110
111
-111
112
-112
112
-112
100
-100
116
-116
114
-114
110
-110
103
-103
125
-125
124
-124
112
-112
117
-117
107
-107
110
-110
113
-113
108
-108
103
-103
105
-105
117
-117
109
-109
127
-127
121
-121
111
-111
114
-114
114
-114
109
-109
112
-112
103
-103
112
-112
105
-105
118
-118
112
-112
125
-125
126
-126
93
-93
106
-106
117
-117
110
-110
117
-117
108
-108
107
-107
110
-110
109
-109
102
-102
125
-125
124
-124
100
-100
113
-113
118
-118
99
-99
109
-109
97
-97
115
-115
105
-105
89
-89
108
-108
121
-121
124
-124
114
-114
100
-100
114
-114
109
-109
106
-106
102
-102
112
-112
119
-119
97
-97
107
-107
127
-127
126
-126
123
-123
126
-126
119
-119
125
-125
126
-126
125
-125
124
-124
124
-124
126
-126
123
-123
126
-126
