-7
91
34
-14
-106
-83
13
121
1
-24
-35
64
-23
-31
94
-13
71
-81
-14
-47
-71
7
8
66
-122
50
-68
30
37
124
122
-108
-18
37
51
121
-106
-125
-82
-31
35
0
-84
32
-95
-84
-53
-125
62
95
-122
-71
-80
-18
23
106
34
-39
66
84
-88
86
-107
33
121
-26
-120
71
56
8
8
48
-106
-24
-16
117
-22
33
-101
1
-121
-64
74
87
56
57
85
-85
-12
2
-75
73
-60
90
-46
-57
8
103
-124
124
-26
96
-53
-69
49
118
-14
-44
-55
-97
-17
120
-55
-17
-65
-118
0
-103
76
-60
116
75
102
-73
30
80
118
-102
-58
51
21
90
-115
-12
53
-109
-3
9
-6
81
32
3
121
103
75
109
-91
112
9
-90
-86
20
-28
-5
69
-3
25
-117
-125
78
116
-35
-91
70
103
116
5
79
-72
70
32
65
-104
-87
94
9
25
-5
-23
47
-87
91
-66
-86
-99
69
-61
94
124
-97
-71
71
41
76
5
-115
125
-58
-102
-61
-125
-89
66
-58
-33
-121
40
-118
-96
15
6
67
100
127
-106
-60
21
7
0
-35
85
-41
-63
109
-1
-1
-109
-68
79
-17
48
110
108
-46
99
-28
33
-34
-10
64
-35
98
61
-109
-84
38
-48
23
-65
58
-38
38
57
19
-8
-33
123
-52
-13
-64
-57
72
-83
-66
116
-87
72
-112
-81
93
22
-6
108
9
-112
-3
-83
12
-19
27
65
83
66
-54
-4
93
65
-121
-50
68
-9
-76
116
-124
44
-58
-99
-119
-67
-20
-21
-114
-13
-110
-21
36
-59
62
12
23
1
-77
38
-126
1
-70
59
16
-110
-11
-83
-42
-84
10
16
-1
-116
-48
-24
21
-75
47
-90
104
65
-84
-31
-47
82
-120
-92
48
31
24
86
-87
114
85
100
8
-32
-35
-58
56
-30
-22
84
51
38
-70
-7
3
124
49
-124
-101
120
-63
-50
-83
58
-93
-60
40
17
-41
-112
91
-8
-6
-12
-58
-117
-14
81
-47
19
-88
-54
50
-86
-121
-52
124
26
-115
-16
-19
68
83
-64
101
-89
34
122
52
-49
-98
-111
45
69
82
54
125
82
-51
-97
-121
34
73
-12
-42
-38
68
35
-125
-46
-22
-38
46
-76
56
36
-40
110
-43
-39
-125
127
117
3
-35
30
45
125
-15
7
86
-60
-42
88
37
14
1
-63
39
-20
-40
-123
78
-72
-11
-124
-122
-121
-110
52
-84
53
-26
43
-101
26
43
-13
-87
-35
82
99
101
-54
-75
-93
59
-60
114
-31
-106
35
71
1
67
-88
113
-90
-98
-52
-105
105
88
78
14
39
-82
123
117
-29
-69
92
-31
126
96
-106
-26
-2
99
11
73
15
60
13
-88
-44
-15
-91
-103
49
60
87
-43
-68
63
-120
78
-67
-91
-58
37
85
15
-79
-42
-126
5
81
94
-108
101
12
-79
113
64
-22
-23
-88
104
-110
6
28
-103
116
73
89
62
-10
-68
24
-22
120
-99
38
-51
30
38
-82
-31
121
30
59
-40
-12
116
-61
9
-16
-79
-109
-8
-29
-68
67
86
-71
-51
-99
-22
5
-109
-3
121
3
-90
-11
-48
122
18
119
126
-105
-42
-38
3
13
100
107
100
-127
-54
-55
-125
-94
10
105
19
-45
8
66
15
32
-98
-120
-92
71
22
94
79
-112
83
66
114
6
104
77
81
89
-69
82
108
-55
117
-121
71
27
-22
64
-66
126
-76
27
107
-54
-113
84
118
-30
-103
-4
-68
67
-56
-7
-82
-103
83
98
10
29
36
-35
11
-116
68
61
-1
11
2
-97
-50
103
30
49
-102
1
-84
-77
16
21
11
104
-58
-50
22
22
-35
-18
-50
-77
-89
80
97
-123
-1
-28
-20
-104
60
30
120
80
-95
-12
-125
-54
-41
60
88
-55
43
86
-24
-82
91
121
-126
-39
67
-64
33
-28
34
88
-21
65
112
66
38
82
-68
-28
-72
-17
-41
64
7
-18
123
-3
-14
37
-67
-40
17
-128
-80
123
-113
-95
49
-51
-57
116
4
-108
97
-100
93
32
-36
49
-27
34
74
88
2
88
15
-104
110
-35
111
108
77
72
-3
112
-107
-120
-42
34
93
-61
61
-109
95
93
-105
-87
0
98
5
-50
83
53
-103
-52
107
74
-97
84
84
86
-5
87
99
-97
-4
-91
-112
11
-105
115
3
117
102
-46
-12
2
-2
-84
102
-111
87
57
51
-18
96
23
-64
26
-64
64
121
66
36
22
35
-53
88
107
-53
-48
87
109
-106
-103
70
-19
-69
83
65
66
-22
88
-56
-114
7
-25
33
108
53
52
-97
-29
107
-75
-96
-113
60
-90
-121
14
16
-6
25
-118
-21
70
-8
-126
-31
91
109
16
-124
-7
-22
-88
-44
15
-38
32
92
-92
106
104
-96
5
-123
-17
75
-24
84
90
3
-119
61
-112
-87
12
73
-119
88
52
120
-32
-39
66
-56
-111
69
-27
-121
-65
108
-86
-12
-64
86
126
-107
35
17
-125
-41
38
23
-49
-84
-62
-32
-39
-47
-123
116
61
85
68
30
28
-94
84
7
2
105
-124
1
64
-33
-78
28
-21
117
95
78
-70
19
42
92
-94
117
32
70
6
113
121
21
-109
84
-47
106
-118
-67
-50
-5
12
-14
39
-75
-102
100
-124
-44
-66
126
-24
-88
-45
115
-19
-15
-58
-17
60
118
-105
-108
-52
23
-31
-42
20
3
-10
94
-10
-71
-123
-103
-6
-123
-1
5
35
-73
-32
-94
112
-111
-87
-16
-3
47
-128
76
-57
-73
16
-34
6
-57
4
-5
-1
30
-36
-94
56
14
-92
-126
102
4
35
73
-83
103
81
95
-53
56
-21
37
115
112
-19
43
-40
-115
-25
-12
-125
91
122
-23
0
-121
101
78
42
-2
30
63
-92
-110
93
55
-17
-70
-93
58
116
-45
85
41
5
-99
-80
112
113
-97
31
-4
-99
105
18
-112
96
30
34
20
-61
-78
23
26
58
60
-17
-95
-26
29
-11
-99
-22
65
15
32
97
-24
-40
56
-23
-123
50
-22
-10
-8
51
9
-18
3
-23
-23
111
77
47
6
-10
-61
-55
115
39
-93
13
101
21
-27
-83
17
48
59
-51
34
120
-4
-94
-1
-117
91
-20
79
-10
0
-121
-56
-108
-71
36
-121
80
-114
-63
-111
76
116
97
-87
96
81
65
127
110
14
65
86
-54
-86
79
-71
-24
-57
67
37
-52
26
90
-62
-67
-116
62
-90
-48
-23
-88
-123
59
-49
-20
86
117
113
-57
115
-78
94
-103
-78
90
8
112
-35
-52
-42
-52
38
38
116
109
-128
-117
-38
-36
-98
89
-72
-69
103
88
66
-51
95
15
-48
-89
-68
60
98
-80
82
33
60
103
-27
-44
67
119
86
108
-30
-61
119
67
-19
99
-103
78
-112
-109
-88
-71
58
-100
-100
26
51
107
-66
116
-42
122
-27
-94
20
-127
124
96
-66
11
43
76
-17
90
93
-62
11
126
92
2
40
72
64
-53
52
100
-71
17
-81
-87
-86
-66
76
-40
-32
116
69
-68
60
26
-7
29
109
-112
-1
-19
79
-56
21
57
-108
-10
15
-26
67
111
-13
-126
66
76
89
39
77
96
32
51
-69
57
111
-44
109
-99
91
-34
-50
-18
84
-73
96
92
95
1
75
90
-24
30
-51
-83
-65
105
-89
-70
-97
-99
5
95
-10
17
24
-128
59
72
68
-100
114
24
-17
34
-69
-109
97
-81
-92
60
-100
110
-7
-79
-127
-105
25
-46
-108
-36
8
53
-105
125
85
121
-54
123
62
6
37
-96
41
16
-58
112
32
108
82
-120
-71
127
-119
-111
-21
21
93
16
24
-111
42
-127
-24
-20
-32
100
102
-63
24
-55
-106
111
41
53
-30
-31
-70
-85
15
109
116
16
26
73
-2
27
-96
-93
-15
-3
-108
84
-60
85
112
-65
-41
36
-11
-71
114
-16
106
-123
-112
-51
101
65
-37
62
-66
-102
-35
-49
-119
-17
75
-65
-92
87
-61
-118
-23
-102
90
-70
-115
-89
-7
-122
-101
7
-121
32
-115
-23
126
29
-124
-101
98
-90
62
-52
-95
-95
111
118
-79
-61
31
-18
57
-70
1
-85
120
-61
35
54
17
-112
-20
-86
-13
78
-83
-79
39
95
-15
-42
17
-94
7
6
125
49
-66
-103
-57
-75
14
45
62
-72
55
59
-60
-105
-73
102
-21
43
68
81
107
45
126
74
21
35
-47
101
61
79
-26
10
-120
77
85
117
-66
65
-120
-118
-108
-105
99
22
110
31
19
56
-15
-96
34
43
-12
-19
29
126
-27
-2
110
-123
-85
-96
88
-67
121
27
-123
-75
-52
39
30
81
0
-30
11
-22
-30
103
-54
34
-72
33
84
45
-92
27
110
-59
-43
118
112
-111
-97
53
22
-27
20
-69
81
-5
-55
86
-96
-44
35
-74
-103
-124
42
-37
67
15
-106
80
64
-10
-55
6
-10
-121
103
97
-19
-104
95
4
6
-87
117
-51
55
16
69
2
-12
39
-58
-54
-17
-42
32
29
-52
-91
81
-25
30
10
69
11
-91
71
90
-128
20
37
117
95
86
-24
64
-39
-105
67
-106
85
109
55
-65
-72
-10
-9
73
121
-39
-61
-45
58
-20
120
-70
-82
-55
114
50
-59
48
-10
-98
24
-57
2
68
-17
-107
35
39
4
-7
-111
-104
77
-4
-110
92
110
-19
84
-46
69
-6
118
-69
22
-64
30
-69
56
-88
-74
8
-118
3
33
33
54
120
-52
89
-27
-122
0
95
-124
-117
50
106
69
-128
-126
121
-87
125
-35
-32
77
70
82
74
50
39
-128
-69
-19
22
78
-46
-96
81
32
18
-90
-12
-17
-64
-36
-81
60
50
-30
118
-86
-68
-126
96
34
101
-59
1
-95
69
87
5
-96
-51
54
88
-1
-66
84
-1
1
-70
118
88
-31
29
123
-84
110
22
6
-37
33
40
92
-9
28
110
53
96
-28
114
-52
-15
107
-27
47
-1
77
-87
24
80
4
-111
-14
-84
-61
-67
-107
-18
-118
-52
115
96
70
54
60
-31
52
-30
-37
34
13
53
52
3
-111
-105
-122
126
-93
58
-52
-28
-67
-80
-113
-73
33
19
60
-12
42
21
-83
77
-13
9
-112
-11
-104
120
-97
109
47
-95
17
67
-123
9
57
-91
-90
61
123
122
-60
33
77
95
9
-60
0
-90
23
-27
8
17
-51
18
-127
32
-65
-99
-53
-53
-103
-3
121
62
-81
-32
-63
48
4
12
-88
-73
-124
3
-80
122
-46
-15
117
57
57
-112
45
43
124
-45
-2
9
105
-100
57
-9
100
-4
-17
-39
-75
1
-98
-84
69
-54
-84
43
-74
105
67
-12
25
53
62
-83
45
17
-122
-126
6
118
73
-9
42
33
-103
-97
-79
53
0
120
-125
5
116
51
-45
38
79
107
22
9
75
-15
107
-18
-5
-52
-50
-47
33
12
110
38
5
55
-44
-70
89
54
-40
35
-99
112
96
-91
113
44
46
57
26
-14
21
-59
52
-21
-110
97
-58
-78
43
22
-87
-123
66
-47
75
115
-69
0
-46
-51
33
-36
123
-30
-82
-12
121
-1
-50
-30
49
-113
-51
-52
5
-40
-27
-74
-64
-27
86
1
6
51
61
114
2
33
-123
-99
-114
-5
-113
95
-68
41
-116
75
37
115
-119
-118
9
37
127
-77
111
-119
-53
-127
33
32
33
-74
-64
-51
-19
-94
-85
56
13
-62
-18
61
-32
78
-70
119
-42
-73
74
20
-4
-25
-33
46
39
75
-53
-104
-104
118
109
113
23
-119
59
1
1
-8
111
-86
-10
93
113
120
109
120
-60
-14
62
0
-128
-71
-111
-77
-50
-30
-126
-126
31
-23
78
-17
54
25
79
107
19
-45
-127
52
-116
43
80
39
-2
-120
-84
-109
88
-64
-28
-77
-90
93
-126
-88
-65
117
-64
-80
-58
90
19
-122
63
-68
58
34
64
-93
-38
29
-14
123
113
-70
108
-94
111
-42
47
73
-62
-127
41
98
51
121
-9
104
-122
-56
-81
24
-11
88
103
-30
60
103
70
85
-12
45
-8
-41
94
-35
119
5
66
-118
32
78
-69
48
-60
93
126
-121
113
39
81
-13
31
-20
103
102
66
-45
-65
-106
-24
105
98
-18
125
4
91
-18
92
69
-85
-70
42
-60
-120
23
-113
115
19
26
-53
55
-109
69
111
20
14
-95
-73
-56
7
-75
-19
-118
91
100
43
81
-75
14
73
12
82
-61
-103
38
-73
100
-112
1
1
-70
61
-72
46
-89
-45
-11
-35
106
70
-26
-54
30
-86
82
-9
-88
1
63
-38
32
95
82
109
-34
-10
-63
-18
79
-96
92
-30
-126
47
93
70
-13
24
-81
47
121
-73
22
-12
12
4
9
-127
-30
8
11
-53
41
69
-35
111
94
-19
-85
-32
-124
103
97
41
-93
-34
-52
95
-83
-51
119
91
-93
-114
30
85
72
120
36
-128
19
-13
48
14
-13
-4
-71
117
-24
78
-91
29
-75
80
119
113
120
-112
-49
71
-17
78
-63
-73
-16
-38
-80
-35
67
-70
89
-92
18
29
-84
116
45
125
-92
91
-17
-37
-100
-45
-92
-11
8
114
-54
-70
-62
82
124
116
17
-24
53
79
-72
75
-116
91
110
80
-70
-30
120
-87
-44
59
2
58
1
23
76
45
-113
-92
43
0
95
-90
-101
-44
-52
-88
28
-78
8
86
104
-5
-115
3
74
-87
26
-114
95
80
-72
-75
-93
-115
78
-24
-11
-109
29
86
127
-14
53
63
15
71
78
-79
-43
-125
46
-26
113
-2
17
-126
-63
-44
54
-18
14
120
-70
49
26
-72
26
102
-65
29
81
103
-21
77
-60
106
-123
25
-87
-107
-54
3
79
12
102
59
49
-97
44
-25
36
-103
124
-108
72
-64
-67
118
121
120
-2
-53
-119
63
-13
-63
-123
-104
-124
28
45
77
-3
27
27
-94
-22
-39
-38
54
-94
-24
37
-54
66
-50
25
-91
64
88
-50
-54
79
-48
-128
-42
28
-84
50
5
78
110
-115
49
-81
-4
72
89
-49
-60
106
-56
-101
96
92
73
47
-121
53
-123
23
-79
-116
-80
-25
64
21
87
-19
18
-53
111
127
-126
107
-18
-127
78
-124
-116
-39
42
88
-13
-56
40
-11
126
-23
96
3
-42
-68
-21
-103
-62
81
-13
64
-32
-114
10
63
78
5
-63
111
63
-101
-45
-65
81
-16
29
36
-102
-37
34
84
99
3
44
73
30
86
115
103
98
61
-30
43
10
-11
-21
-104
-47
-90
-1
-26
88
80
79
-36
64
-23
118
-80
-111
-74
-45
-69
2
55
81
74
57
-26
-81
-96
-102
-88
-4
-87
14
-58
-112
-57
-21
-92
-22
28
39
-7
75
-105
83
48
34
-13
-116
114
70
64
35
-48
97
119
117
-34
115
86
-108
-102
92
40
58
-108
-44
-109
81
96
-36
114
-40
111
-47
-108
-90
-119
26
-4
88
48
-90
106
-65
1
117
74
-48
2
109
41
73
51
85
23
5
-41
11
38
37
115
74
26
-29
16
-31
-86
-21
-13
124
28
14
-16
5
-99
-89
-17
-96
-64
105
35
-6
57
-102
-48
57
-47
33
-90
-55
-58
19
20
-13
-98
103
60
60
79
94
9
102
96
71
-64
67
-94
12
-73
-60
77
-26
1
91
17
71
-41
118
105
-97
49
-75
38
-63
-98
-119
-86
-25
78
41
-65
-94
12
-128
7
85
64
-17
-45
-99
-63
-18
104
-124
22
-13
-47
65
-121
82
96
-25
73
121
20
-89
-110
-114
-105
-113
-75
-122
93
-5
17
-88
-102
47
31
126
104
-122
82
-80
25
-112
-90
-81
113
28
-74
11
66
50
-34
102
-23
-46
-76
-125
51
59
80
-41
-6
68
-22
-121
75
-34
56
-121
-110
-71
101
-75
116
-53
26
32
51
-15
41
9
-48
-43
-49
67
116
5
-90
-31
62
108
-40
92
-121
25
44
16
-41
8
51
-38
108
-97
18
-94
76
-48
2
-99
-4
74
119
12
1
6
43
-19
42
-30
-122
-123
64
55
-114
84
-97
-62
-24
112
126
-21
-81
61
42
-24
-111
-24
-90
36
-81
-39
-97
79
-73
-38
-76
-70
31
7
3
97
121
9
70
70
24
39
-104
29
119
34
115
-104
-114
74
4
-44
109
17
-109
-17
30
-28
27
-103
-58
-98
126
-75
118
14
87
4
-117
118
111
-17
-38
-100
-95
107
-25
-11
113
26
-60
4
70
99
-47
74
16
-49
41
-27
-105
68
16
-21
53
16
114
15
113
-42
-72
28
-58
-116
-49
-10
66
54
-34
116
-113
-100
51
-94
122
-9
32
23
67
73
63
-128
12
25
2
102
119
-31
80
28
18
-62
37
64
11
5
-50
4
-23
12
-128
73
-6
103
-93
49
40
3
110
22
68
-119
-23
-99
-92
-30
54
80
77
-84
-79
-63
-99
-33
4
-58
-78
124
39
85
47
-122
-11
-76
-110
97
89
59
76
-22
-46
70
72
118
41
27
100
-88
-20
26
50
84
-123
82
36
4
1
-102
104
-4
56
93
15
-43
-85
88
-41
114
61
-75
-127
-109
112
3
69
70
-79
122
44
-104
-59
-81
91
69
-76
-85
108
26
68
-25
-80
-16
-42
7
10
29
37
-64
117
117
-105
-114
-24
-110
105
34
106
-109
-94
127
-52
-45
32
43
-104
18
47
60
-109
47
-24
17
-4
-5
106
53
-125
-117
74
-108
-12
-3
55
-12
8
60
-40
115
127
4
-103
-103
-91
-123
-10
48
-74
20
-116
104
38
121
-107
86
-104
-8
-7
-1
-1
87
50
-87
86
-67
-66
79
-125
124
92
-85
-84
-19
39
-24
-79
108
-62
93
76
-78
14
-12
-94
45
-14
-95
-55
-31
89
-38
-69
7
49
-86
-5
-47
86
-15
41
-64
57
-126
21
37
54
11
-45
58
-31
11
102
71
115
-61
-87
-55
31
122
87
69
-5
-50
-107
24
-95
53
-109
-102
-40
-74
-80
90
-36
-66
-85
8
-72
125
39
127
-82
105
68
9
-11
-121
-91
113
-119
-10
122
83
-110
-127
-108
31
-27
-43
-90
2
46
68
-53
84
-67
53
122
-35
127
69
31
-57
-75
35
92
116
-94
-85
125
-6
49
-59
65
82
-3
7
-60
-68
64
70
123
-50
109
-24
-17
62
13
1
-35
30
-26
99
-51
-7
105
-44
-97
122
-23
-68
-103
-50
90
-128
-7
-105
23
98
-49
-11
11
42
87
-26
22
116
-92
-13
59
68
45
-101
72
47
-14
-29
28
36
66
-62
-28
-113
-68
60
-37
20
96
-7
-56
-42
112
85
26
-96
-75
-42
81
85
123
-19
35
50
119
-25
53
-58
-103
88
-48
55
-115
117
69
57
114
67
60
5
22
108
-82
34
-23
-68
78
74
96
20
-75
105
24
124
77
-79
-53
33
96
-64
-105
-55
-8
68
-97
98
19
-105
5
-24
54
-25
59
100
14
-22
-89
101
-7
-3
52
-70
105
88
-34
31
125
-28
-58
-79
-37
93
-19
92
4
0
38
-71
-89
8
29
7
-97
67
90
43
48
81
-29
17
-88
92
-48
121
-6
53
-4
-23
-92
-104
78
4
-82
-84
36
-113
-21
-93
-44
66
-89
-18
-53
-42
86
-9
-4
51
4
102
-48
-54
2
17
119
-100
114
-88
29
-59
97
-74
16
103
-87
69
89
-101
104
6
-72
-48
-10
-18
-93
-62
13
30
-128
-70
0
71
-48
-48
10
-115
-105
106
46
93
-118
123
-99
69
83
103
-80
102
33
25
56
38
-114
8
63
78
-106
56
-108
-73
9
47
91
79
30
113
92
-61
-56
-104
-58
-26
86
108
120
23
90
93
-108
80
-51
-72
38
8
42
-4
-99
-27
33
99
-69
24
-35
-93
29
-31
69
46
56
122
-25
-44
-86
-77
98
18
76
-85
39
-126
11
-53
68
75
74
-15
-78
55
110
16
72
47
-65
-8
-99
-85
88
38
29
-113
80
-83
-111
46
73
91
73
5
68
85
-71
-83
83
68
-10
26
-35
-110
-89
95
92
-92
-52
-3
106
98
98
51
71
6
-41
95
-84
125
-103
-118
32
-91
-38
28
-119
-52
-59
-125
-15
-85
-102
110
84
-18
64
-63
-69
62
-51
41
-34
-27
121
33
-115
90
29
37
-92
81
-61
29
71
-66
-41
-47
53
-107
45
-76
32
9
62
4
-21
39
119
96
64
107
-57
-73
28
-115
30
24
14
-25
-80
-23
-89
114
-23
-16
114
106
-80
24
-73
43
-84
41
-122
108
45
-109
17
-115
-70
-121
80
63
-125
74
-45
-37
-57
-9
-64
36
-2
-22
-34
-123
-34
-117
-118
-17
-30
-40
-91
11
-70
-38
0
60
33
-60
-57
-66
60
80
76
-90
118
-109
42
62
62
-125
-18
-91
9
-91
-83
-108
64
-81
-55
-74
-61
93
-22
-7
51
-16
122
-42
93
3
100
47
-68
23
-7
-78
49
-112
120
-93
-45
-5
15
-2
11
-22
115
99
-16
123
35
-109
50
101
126
-74
105
-12
-75
-10
64
22
-113
11
42
102
-2
-56
88
72
-43
78
-115
60
111
-110
-78
8
-11
37
10
100
-26
-83
114
94
-61
-104
-8
-63
110
-53
77
-57
61
108
-14
-56
-79
-17
127
48
-56
84
81
-28
77
37
41
-6
-122
3
17
-128
-97
-60
16
122
-32
-42
-35
58
-110
-58
47
79
19
-65
-69
-41
-30
-66
12
-31
9
102
-22
98
9
32
76
34
12
-59
-107
60
75
55
-12
47
-23
59
-99
-110
-92
-84
-33
122
127
127
-55
-53
-31
-28
-53
-54
-22
-52
-48
29
-84
-14
-111
-59
-90
52
46
78
28
-40
106
-26
16
-92
-3
-92
-74
-16
-17
106
19
-36
-79
-63
6
-73
-79
-118
-115
95
3
-87
-76
124
105
76
15
-97
-12
38
-37
56
-78
99
-17
-104
64
48
54
31
114
23
105
-43
-86
97
107
-26
-48
107
119
-45
-7
40
29
54
83
-95
36
-103
-93
-127
83
-31
-125
70
-28
49
62
29
-81
37
-2
-74
33
37
-30
-19
85
11
21
84
95
-31
99
102
-124
-31
-42
-1
-42
15
80
-103
-67
-12
37
-68
116
-84
93
71
-35
87
-16
-15
-29
-111
-88
-43
100
99
105
14
121
43
94
26
-72
47
-16
93
-2
-85
32
-81
-5
-67
68
22
-67
84
28
63
-30
-35
32
79
-24
-123
-32
-64
84
108
-109
117
105
-34
-77
-43
-77
62
80
-19
16
-80
-6
-45
-69
-51
70
-45
53
-10
47
-16
-25
86
-73
-53
-64
-59
36
8
-74
97
-6
0
109
1
-61
-110
-38
-122
-108
119
111
-114
99
109
-6
78
-112
74
-94
88
-110
60
79
-84
26
-54
-48
-91
81
60
70
-94
77
14
75
111
-84
96
-16
-33
73
-101
-7
-30
-94
-80
-66
92
16
58
-107
18
-71
-34
-102
-27
-18
-38
125
-25
-97
-50
46
-12
-127
-122
104
-54
-61
71
60
70
-3
-39
-11
78
-85
-26
3
12
-102
20
14
-126
105
-30
-56
123
36
28
-80
-72
119
-113
97
0
42
14
-54
-14
-67
21
117
8
-20
65
-83
49
7
-115
9
46
65
104
67
-20
-42
15
39
13
110
91
51
64
81
102
-52
-89
-60
-21
98
-85
-98
-18
53
-13
-75
92
23
-121
62
86
25
13
13
4
120
-5
81
82
42
80
-95
-27
-76
-93
-55
4
127
-17
96
-37
37
64
-49
18
-79
51
-40
-116
-25
-45
-69
112
-86
-16
-37
98
-29
28
-96
46
-67
98
23
-20
19
113
20
-127
57
-73
-11
43
99
21
-75
-25
63
-27
-40
101
126
-71
-80
48
119
43
54
126
-23
-89
19
45
-54
-80
-94
-52
67
46
-19
-40
118
-83
-5
-66
-107
36
-66
84
-62
-2
14
27
2
-124
-94
-36
-61
-36
-94
-114
-6
68
-59
103
-73
-28
29
67
60
86
-35
3
-19
-9
-56
112
120
-12
-14
5
60
-112
81
67
49
7
112
111
40
-63
2
47
49
-43
111
-69
21
-128
56
68
-48
-105
42
40
-9
87
-102
52
25
56
70
106
-51
-109
4
68
74
-22
125
-79
-97
-65
-74
-30
27
-92
74
96
126
61
-97
47
94
-114
-109
84
-50
-55
48
-87
-69
-65
-94
49
-119
48
-87
60
78
-101
3
-15
118
-89
-93
-58
103
-122
29
-41
-7
65
92
91
30
-102
89
111
-75
-122
-72
19
-7
-29
60
-78
81
-3
-81
-17
-27
101
-69
-83
46
9
95
108
77
77
-101
-27
86
-97
9
-81
4
-77
-17
-57
-126
-35
-94
48
-80
-15
127
64
-124
61
-83
-45
102
9
0
27
28
113
-47
60
-69
-77
-89
7
83
103
-5
-7
9
3
-63
71
-27
-80
18
-15
41
49
91
-84
-115
-115
20
116
-51
50
-79
33
99
22
-77
90
91
-81
125
-24
71
-59
99
23
50
46
-2
-115
-95
-87
1
-109
-23
15
121
-122
125
43
52
67
126
39
-39
65
79
-29
-86
-120
-78
43
79
-52
-11
124
7
123
-60
85
78
35
115
52
-98
40
-73
19
-59
-10
66
-15
-7
-123
-50
43
96
-58
7
-98
-82
17
20
-6
63
108
-34
-101
44
-91
92
69
36
-94
-71
-6
56
-127
-14
-26
72
-105
-12
122
118
-73
-117
65
126
11
-20
-110
110
-83
43
-105
-87
37
87
-35
-94
89
58
-56
99
-59
14
64
-119
-126
120
-63
-33
55
88
18
39
-4
13
-84
-72
-38
-126
-44
125
3
105
-27
66
41
85
-70
-45
-44
-85
4
-118
-19
86
-3
71
48
120
-40
125
-31
-25
-20
-57
-104
-125
-48
-36
53
-43
-128
-30
-118
-46
79
-26
104
-67
-28
64
-113
34
40
51
-67
-58
125
-108
-67
-57
113
107
104
-18
-4
74
-109
-76
20
66
-4
92
-78
99
-72
-102
68
-101
28
-101
-36
81
-106
53
-58
77
-116
-23
-101
-127
-15
-5
7
122
68
-70
126
56
115
108
68
-51
-90
104
92
0
100
-93
37
98
-12
-17
-25
-1
-27
-128
-75
15
-43
-2
-16
83
-19
-76
-111
-41
119
-2
-122
90
49
74
112
-83
-35
63
34
-26
-61
103
35
-18
-76
16
-110
-21
-40
-83
-123
0
58
-82
-58
-49
59
121
-53
-73
116
46
61
47
59
-29
-30
-27
67
-101
38
121
-71
-27
-34
83
75
-36
32
89
-43
-18
-78
106
-33
98
-9
89
112
-14
-43
-115
-16
120
118
-91
-7
45
87
-72
-33
19
-100
82
-71
83
35
65
-99
-33
96
-94
20
35
98
120
49
-2
65
20
101
-124
73
-4
-33
115
-111
-89
13
106
-48
58
10
-26
2
-87
-32
103
100
-97
77
42
-7
40
-55
-116
22
59
-47
-18
82
15
-113
93
40
-105
-64
73
-97
19
125
18
-76
-92
106
78
11
-90
96
12
56
64
44
84
-88
91
104
73
-18
-1
126
-122
-34
88
119
-97
9
58
-117
14
-72
97
-68
68
32
109
-9
-79
80
-54
123
124
-11
-67
34
49
-89
124
21
0
-23
-47
93
-18
51
-102
-89
-11
-97
98
118
-127
-102
109
-76
122
-17
-39
122
-22
-27
-76
-111
29
-81
36
80
-100
51
13
-73
77
-28
-21
-92
-120
-78
-19
118
-68
121
-128
108
60
-113
11
105
125
74
-71
0
-23
-112
-68
62
72
42
0
-105
-127
79
-114
-102
-4
-88
-47
35
-23
10
55
40
-81
81
-64
-13
26
56
-51
-38
-42
-30
104
-100
49
3
-34
-59
66
-48
15
-80
115
121
-27
-35
-52
-98
33
-24
83
45
-88
-78
-69
-15
35
-48
-90
35
-72
31
-20
38
-76
-85
-95
-43
-81
-31
-120
53
-9
70
41
39
100
-39
77
-78
40
-5
90
-27
76
94
-113
-25
-6
-110
-54
43
42
-125
40
125
43
1
-43
99
-72
-51
-94
46
-100
54
-69
40
50
14
116
70
-115
10
68
60
8
126
24
6
97
68
51
-57
98
35
7
-98
47
-34
-69
-75
9
115
9
-104
40
-51
-1
36
-23
-79
119
60
15
35
115
-123
66
42
-99
55
-31
43
-66
44
-108
-122
95
15
-20
-63
94
39
-123
31
-50
-53
11
-79
-45
12
2
46
108
-102
-10
53
32
-5
-87
2
-17
-118
44
-39
100
89
31
-88
-10
58
92
120
-18
-16
102
108
106
-34
-58
-7
121
-27
16
35
76
31
93
-64
118
96
1
55
119
-94
91
-32
-22
33
76
-113
41
28
6
40
-59
-23
83
-102
-36
-9
120
28
45
119
-99
32
-49
75
118
49
-8
-27
108
123
-32
-54
-98
72
-110
84
-58
-87
-20
-77
-105
-100
74
5
108
-113
-121
71
26
15
103
86
-97
64
-51
-117
14
-30
59
-108
12
-64
102
-15
41
79
-78
-107
-22
36
120
-110
107
-78
73
-72
123
1
-20
40
112
116
10
-57
112
-103
44
-82
-30
69
-122
77
20
112
7
-52
5
29
-98
127
50
81
-104
47
10
-82
-63
-111
52
-63
-21
110
27
-65
54
-15
2
-127
-64
-78
-110
120
-127
-56
118
-101
38
-123
25
-61
-58
114
62
-67
-73
74
-27
-20
-76
113
-101
-35
-64
111
8
-16
-4
11
19
26
105
-101
-37
-37
83
42
-29
10
-58
12
-36
97
88
-20
-120
-14
-37
41
-82
-35
-21
101
59
32
-87
89
126
-123
-36
17
-110
93
-64
-128
23
0
-72
12
-5
4
99
121
-104
104
71
-84
66
121
-83
19
-53
-123
30
-9
-91
-123
18
-112
-116
-116
-54
-71
95
-75
-40
-50
75
40
-128
92
-17
-68
36
9
125
-112
-79
47
84
-56
-87
-63
-64
77
-1
32
123
-42
29
-1
-3
92
-90
7
97
60
-34
-27
97
45
120
-121
-111
-68
94
-116
-85
-47
-42
56
23
-45
-105
-19
-52
74
30
-103
0
117
61
-43
-109
31
112
22
90
4
127
15
0
-7
-128
-46
82
-68
108
-8
-93
36
-59
-15
82
-52
58
-31
-100
-119
38
-100
-20
47
-58
94
-127
34
-20
50
-83
63
-12
104
20
35
-6
16
-19
50
76
-43
-62
76
-27
-94
-100
0
-13
127
111
29
43
95
21
-115
70
104
19
111
19
72
-85
82
34
-87
70
-19
-69
-93
-12
-30
-31
83
-119
-107
50
-115
-127
-107
-7
-116
68
97
-109
-73
-74
17
40
67
-105
-42
62
95
99
-78
-33
75
-56
-83
40
55
105
-108
-117
39
124
-56
81
-68
-10
121
32
90
-42
-107
32
27
106
-28
-118
63
-38
-81
22
71
2
-101
35
83
-2
17
60
-29
-105
-112
36
91
-112
29
86
-62
-42
-47
-112
49
-116
-69
84
-33
-117
-58
-122
-65
-89
-10
86
-125
-30
25
-40
-111
74
-54
-9
-104
104
-43
-97
-47
-20
109
4
87
65
5
-69
-122
83
117
26
108
-55
-16
-126
-125
-53
-56
-87
74
64
-64
77
-120
103
73
109
-86
-73
-93
50
91
107
-119
-31
38
88
-45
-12
-111
98
65
-41
21
-20
53
31
-5
-55
-90
98
-82
-75
66
63
48
-85
21
16
123
80
127
-72
126
74
70
-118
95
-48
-90
-78
-12
-81
57
-57
-65
-39
-71
-108
-15
79
-49
54
119
9
71
60
98
91
-87
35
-58
-25
77
28
-59
104
-75
53
74
-17
-100
99
-123
54
121
16
125
-34
65
85
-127
-88
19
-39
100
-117
-88
93
38
-9
44
103
-26
-37
-22
-111
117
50
-93
-34
-6
110
6
-18
-120
-128
-76
86
60
46
23
80
89
32
46
20
-23
78
83
-79
0
-76
-116
-15
-96
-122
88
41
-7
87
-51
-29
89
-106
72
-41
70
7
47
20
100
-18
-22
-119
-40
15
-34
-105
75
16
-24
-86
-24
111
-120
80
110
-122
51
-45
-10
100
8
112
116
24
83
97
60
99
-111
-123
-22
70
-75
50
-21
-68
-42
127
-82
-76
4
29
-82
-12
-90
72
37
-76
-30
108
-67
14
-116
-9
-25
-116
-49
-69
-93
5
76
-24
-19
-63
75
110
87
-39
-6
24
-2
-8
104
-94
120
89
79
10
-19
-12
90
-34
68
-79
122
-13
18
114
13
-103
-94
53
-14
60
24
-30
-91
41
-14
-8
9
78
76
41
-125
-33
-119
-45
24
-6
26
-37
47
73
-63
27
-14
-9
39
-7
6
-28
-10
39
44
63
58
54
71
87
-75
61
-62
126
-102
8
88
94
127
76
18
101
-71
15
112
79
-105
72
-67
-56
-115
60
105
68
51
-120
65
-92
10
-86
-7
-105
30
-91
-43
-53
-84
117
-52
-88
100
62
54
40
80
48
118
-95
-36
-88
56
63
-123
25
-86
-76
-22
-99
-72
31
33
51
-65
49
-8
101
98
-123
9
39
47
-107
-26
-121
5
122
63
-126
-14
112
6
29
-117
102
63
-106
-43
127
-119
-80
17
53
-110
-59
106
68
-64
-76
-32
21
-38
46
45
-110
-6
-56
-69
-47
-24
26
-3
-26
81
96
53
-58
124
-74
35
35
71
97
6
-50
93
55
-97
82
109
-115
26
-118
23
-29
-122
-105
-45
32
-79
-7
-47
75
-39
-19
75
-94
-6
14
88
16
32
87
10
-64
60
-43
78
95
109
26
21
26
126
63
84
5
80
-74
29
15
70
90
-115
-126
-17
-75
-119
121
62
6
116
-51
-94
-58
-18
-49
-127
-6
-53
-75
126
36
-102
-112
67
-97
-103
79
46
-25
100
12
-30
116
-3
-23
-106
-92
46
65
-37
-14
72
-93
20
21
15
-107
-112
43
32
-60
9
-34
-59
104
55
-62
26
60
-83
90
65
20
125
-72
29
82
9
63
-94
41
115
-83
-2
-73
44
56
87
-71
77
-127
96
13
-105
-100
-17
94
-54
-81
-88
40
-92
87
112
-57
2
63
-54
-126
83
44
-23
-3
58
92
47
-70
-107
5
31
-69
-57
-93
-69
51
-16
16
102
-24
1
81
79
-107
72
-90
-33
124
45
35
61
99
103
-112
18
52
54
62
-25
-100
54
62
-103
-96
-75
36
-49
-80
-69
-64
-30
-76
-19
-65
-5
98
-43
-43
92
34
-78
101
-44
-71
-44
90
53
5
8
-25
55
-15
-64
69
-85
-77
47
86
61
120
104
-63
-38
120
-79
-57
18
34
-39
-92
-40
-105
-65
-61
-48
57
-80
-118
-6
-53
-23
63
-67
-54
71
63
69
-99
47
-114
-117
52
107
-44
111
-10
-96
2
98
47
-106
-92
101
-79
13
14
91
2
-43
10
119
124
-17
-12
53
-26
28
-33
-73
62
-60
-21
106
-100
53
23
23
25
-54
-68
80
-57
-63
-29
-110
119
-75
-76
-29
92
19
25
117
-8
76
-92
37
30
93
-20
122
-1
-70
-46
36
-121
15
-110
-97
-30
68
-69
-127
54
-112
106
-114
51
-88
126
94
-88
-82
85
58
19
37
74
112
-40
-118
-84
44
57
65
14
-104
-27
19
23
28
122
13
10
-79
24
91
-91
-87
61
72
-1
-128
38
-67
-55
-126
93
5
-70
44
-115
73
-21
50
-57
7
75
82
58
62
-62
25
110
49
95
69
-122
-70
-63
7
15
9
-87
-80
56
-114
64
86
-118
104
10
-90
-95
-84
36
16
4
-4
-4
-12
79
27
-118
-21
-89
20
99
124
-60
33
27
100
-99
60
45
78
-76
115
11
87
-28
-21
117
-32
35
28
-41
-2
100
114
123
-94
-86
41
19
-106
10
93
-13
114
-63
-98
94
-32
77
26
-36
10
116
54
100
-74
-2
-95
49
-95
-54
-62
-6
-69
46
77
-107
-66
-127
-123
126
18
-109
-103
121
-40
-66
-27
-50
82
-67
8
-48
79
109
-41
72
-16
-66
-35
-101
74
-11
40
-24
-20
-123
65
-65
-50
-1
-107
19
9
45
17
10
-3
-30
-64
-64
12
25
-9
32
-71
1
36
32
70
-46
-12
-54
29
-17
126
-67
78
-126
-23
60
63
-46
109
69
-100
-94
-49
104
40
-100
-93
-107
-32
-84
45
-62
9
56
-3
-105
-99
-108
-49
26
30
-4
82
106
-122
-87
29
-10
-7
99
114
-3
114
-83
-59
-18
32
-82
24
31
67
-80
-4
62
-61
-56
19
-102
105
125
108
-70
69
-97
97
42
82
12
-76
44
19
41
0
30
-121
-89
7
-68
-29
40
-52
86
64
-122
-99
61
-61
-92
-126
69
30
100
-124
-65
58
-48
-127
35
-116
108
-108
23
48
67
119
0
-71
39
88
8
97
-7
18
-106
84
-96
126
-57
124
-94
33
87
-43
78
114
34
55
-40
14
-34
-66
-41
98
-109
45
-1
-81
98
-56
1
-47
-48
41
89
-128
124
-14
72
72
-111
-61
0
-18
-1
23
65
91
-48
-43
108
-58
50
-69
0
21
102
68
65
84
26
9
93
-106
-17
-35
-12
-29
-24
-95
27
-103
-52
46
30
25
-99
-28
62
-77
55
-115
-106
26
86
20
30
37
14
107
-27
-103
-45
101
70
94
45
28
125
65
112
51
-41
-99
-46
-117
59
68
44
-88
-127
-48
-26
69
-24
119
65
44
-21
-123
-94
-110
-4
-119
109
-122
85
-59
-22
-4
3
-3
-75
12
49
-21
-128
89
32
-9
96
69
113
98
118
24
-120
-63
39
-78
-44
-73
48
-58
118
-64
78
12
126
102
93
-127
70
-40
-7
82
-113
-72
41
-72
-21
-50
55
99
85
-51
-120
-7
-51
77
-100
16
-60
-67
-26
96
61
111
-68
-80
72
-73
-92
-49
74
-17
10
18
-73
-74
15
-75
3
8
-85
43
101
-50
-126
4
16
82
99
6
31
-43
122
99
-95
-74
-97
119
-65
-6
-53
-60
-69
71
48
-69
-39
44
-103
30
33
61
42
32
-91
-108
52
12
126
63
98
-87
-95
-29
-10
-39
115
-107
40
-62
90
-87
19
83
48
-108
-100
77
-45
4
-42
102
-34
-62
-123
-74
33
-57
-74
-11
45
-72
-40
-42
-49
35
-62
89
-26
89
-14
88
-93
-31
-28
-109
119
-125
-125
-76
-4
95
70
-114
-97
-85
55
-110
76
88
65
51
125
118
-60
-10
-102
-61
-8
95
52
-108
100
60
45
7
-88
-63
-39
98
-90
-62
-28
-25
16
-119
19
54
42
40
-17
10
64
98
-48
42
-95
-113
-63
15
116
83
63
-81
27
50
-46
-1
-95
-31
59
21
-107
36
-38
-54
72
-96
16
67
63
-80
23
76
-2
-41
-86
-32
-22
83
-78
-125
102
118
-74
-34
29
8
61
34
105
-38
-112
-20
-94
-64
-114
-79
104
71
94
-107
78
79
-109
-124
-95
53
14
70
-116
79
13
47
-88
-81
-104
24
-11
44
-44
68
105
-90
-97
57
-115
12
57
-114
25
-54
49
-79
126
-51
61
51
124
-12
-125
-8
-8
105
-85
21
-117
-6
101
-3
-97
-49
-82
125
21
61
-88
77
-80
-30
126
105
-64
-128
-47
-15
9
-86
-59
96
-74
44
-57
67
77
98
116
82
70
-125
121
-108
-116
-78
-69
-27
6
-20
66
31
-19
-86
-126
-69
83
40
-64
49
-81
-37
-75
120
62
-44
-40
21
85
-98
-65
-26
115
101
-50
101
-85
89
33
42
24
-101
83
21
52
-59
45
-96
-69
-31
-86
-25
16
113
-40
-116
11
11
10
-6
64
127
-42
-94
-106
126
67
-106
59
-44
25
54
-15
-87
-47
-52
54
47
92
112
-44
67
-26
80
-37
29
-74
119
-50
24
-65
-72
-61
-98
99
16
-112
88
-48
7
-67
-4
-34
82
-34
43
-36
-109
-118
-27
78
-72
40
-77
-120
100
-76
-102
71
-119
70
-59
-117
-123
-89
47
-97
-23
-62
39
-35
-102
-70
68
-8
83
-67
-127
-87
104
-60
125
120
117
-69
33
27
-32
77
-90
-5
99
-96
90
-5
70
4
124
-6
-34
-99
101
-118
54
88
32
-57
-120
35
-115
-57
-40
94
-74
36
-88
-116
-126
32
-83
-34
14
45
-44
-93
-29
117
-123
-21
-62
-75
5
24
29
-124
98
-53
-17
-111
46
101
72
11
61
109
47
-42
50
113
81
19
-21
0
-105
87
-59
22
63
-63
-115
-65
92
69
-25
-62
36
109
56
-78
3
19
-77
-5
125
4
-28
-17
-88
-65
-47
-17
9
-87
-63
-114
106
-6
-47
2
-44
-64
76
107
-112
101
57
-16
-68
-57
-67
0
13
5
-114
79
-119
78
92
34
-43
-124
55
40
-98
32
10
127
16
67
44
-92
5
44
39
37
114
111
95
-21
-43
112
-105
-59
7
-115
-115
107
-14
-72
-99
-56
47
86
-12
-7
67
-84
-95
6
23
-3
54
41
-37
-70
-57
-41
-17
-72
88
11
71
21
-18
112
-7
112
49
-55
-59
-119
76
-3
99
37
-5
96
-92
-6
-28
56
123
-107
-62
38
29
58
3
4
9
40
65
29
3
10
24
74
-28
-105
125
78
-43
-66
44
103
-106
-73
-52
-12
-109
115
-95
114
69
70
-39
-100
16
-115
-84
-10
31
-106
-90
-92
-26
-69
-16
18
-51
96
115
-99
95
22
74
-39
63
111
-75
88
113
107
21
-73
-10
-88
-60
-10
-63
99
45
-4
-39
-41
94
75
44
2
-3
94
-84
107
9
5
123
-57
-32
-118
100
-97
-36
73
3
-75
-118
11
63
88
-105
-27
44
-128
-122
50
-51
17
-26
-75
-114
13
54
66
-19
36
13
44
-32
85
119
-111
41
-24
-118
72
-24
100
79
47
-12
-6
119
113
-51
-76
-102
-66
109
116
-62
-41
126
-16
-3
-27
37
39
-71
-53
-20
76
84
16
24
-93
60
110
75
96
-22
43
-111
-64
51
67
-106
-48
-113
108
-52
-110
106
-108
16
27
65
22
35
-115
-99
-77
-119
54
-71
79
98
55
8
-96
-93
-67
-109
82
109
-96
58
104
-119
100
57
-74
27
106
-81
-93
-95
46
-66
56
30
37
115
-98
-76
67
103
71
28
-16
-72
-80
72
-55
122
16
115
46
-70
-97
-44
-27
18
98
8
-50
-125
9
24
44
61
50
51
30
-17
8
22
-60
63
-9
109
94
12
55
122
-109
104
-114
2
84
103
-52
-93
-27
-76
83
-80
48
108
71
-44
122
-11
-18
-32
-55
-18
12
-89
17
-33
-123
-12
-83
-95
-121
-109
-95
17
4
23
24
-45
-57
-72
-107
-66
5
63
39
-54
-99
-31
-84
37
-84
77
-26
-117
-39
101
-17
-61
33
-48
-106
107
-91
-106
-15
50
-60
-15
89
-41
96
-112
-100
88
-58
108
2
-20
-63
-115
55
-112
125
-104
-1
32
-57
-113
80
30
117
51
-62
-63
-39
68
-30
-112
117
-104
-97
30
-29
127
-98
-49
125
-18
-43
42
11
11
-35
48
63
-118
73
10
-70
-47
54
-45
-127
42
-9
51
105
26
-92
112
95
-125
6
56
-113
-31
-41
72
-77
-71
-39
-97
-29
39
70
30
66
124
3
24
-15
118
-50
121
7
-66
-32
37
-81
89
100
-122
53
-101
-41
-11
-118
9
-70
117
-21
13
-122
-17
70
95
-56
20
-92
92
22
26
-47
101
-17
-96
-118
115
14
-106
-40
101
15
-90
116
37
-108
-26
100
76
16
-82
105
-65
27
116
-118
34
61
-22
-105
-27
63
18
-54
-93
-128
-25
-84
21
-115
40
-7
52
125
-97
-7
-69
114
-53
-67
50
33
75
77
-93
-79
-66
-19
-124
0
-113
19
94
-126
53
-102
-90
15
72
-107
-95
117
-16
63
-108
44
11
-105
12
-113
38
-28
11
-31
123
12
70
-65
-89
-17
-99
22
-33
-9
14
11
18
-11
40
-44
-76
38
80
-101
-106
-108
27
-5
-58
-90
-9
35
99
33
-2
59
-125
43
83
-122
-71
-124
60
-63
119
59
-31
52
116
87
86
-83
111
-10
-92
74
-57
-37
92
87
-90
-117
-76
52
-11
-109
-25
-67
-42
-65
-107
61
126
-33
-72
-113
-77
80
-7
-84
-49
-99
-116
79
12
10
109
70
-36
17
-91
-28
14
-9
1
41
55
35
-3
109
17
54
82
-7
-55
-68
-77
-126
36
51
-67
0
22
31
102
10
48
44
21
-84
125
19
-68
-77
-90
-82
73
93
41
60
-113
3
23
113
-94
-40
3
-109
55
29
31
38
-36
73
49
-82
97
68
-30
80
-23
-43
108
-121
-41
66
69
-84
29
13
-64
117
66
-22
18
85
45
45
126
43
-46
-116
110
76
-54
95
55
124
18
4
77
104
7
113
-15
127
106
112
-7
23
-54
56
120
-1
-32
-117
117
-30
17
-53
59
-33
-128
119
49
9
-74
-48
-87
116
45
-41
3
113
-13
-61
20
-12
-101
-111
-69
-109
71
-36
71
-119
58
74
-109
88
17
61
-9
-39
-5
-12
-64
104
124
-90
-63
-76
52
65
126
-116
-34
-106
-63
-114
111
-11
93
-97
-78
84
-127
-73
-84
8
-28
43
-12
-44
38
36
9
32
-95
-38
57
112
16
-53
26
-114
14
110
99
-2
33
-39
25
-88
87
-90
33
-54
-107
23
-37
-120
-54
82
-124
-87
31
107
-32
-79
-121
-99
121
106
64
117
91
-87
124
-67
-121
-87
43
-110
104
-37
-62
-78
87
-60
78
-72
-51
-66
119
-18
87
-95
-112
-38
-107
51
-85
-40
48
53
122
100
-38
0
77
53
-80
-8
-111
37
-42
-10
-66
-20
-68
108
71
1
-121
20
42
-15
44
-32
-102
-94
103
15
84
-89
123
-121
122
12
91
11
-16
44
-117
54
24
8
20
-46
-102
15
0
124
113
56
55
-116
-75
-108
5
79
-9
43
-17
8
-3
37
120
-57
-21
127
-63
0
84
70
29
124
-21
-82
-52
-104
-54
-125
32
-21
-80
-56
-5
-111
91
56
-105
-98
26
-52
-34
-71
35
-49
-13
106
122
117
-115
-49
125
-86
-82
-24
-120
11
18
-1
76
10
-113
-96
49
-8
68
95
18
72
-43
-28
89
80
-120
50
26
2
31
87
-75
-35
-34
-30
-24
-2
-55
8
46
43
-57
-73
-83
56
116
56
8
70
38
100
15
123
-128
102
-16
-40
-78
-16
-76
32
46
-108
73
19
121
103
123
-74
69
109
-46
-28
8
-123
98
61
19
33
-74
63
54
-91
56
-2
-67
-16
-84
42
118
-90
-24
-34
113
-108
-60
-90
-101
-109
37
-93
12
5
56
23
37
109
17
52
-119
66
-96
83
-47
-47
-45
107
9
16
44
-72
13
18
-77
84
-74
-68
-51
-84
106
-94
-86
0
-89
-31
49
-76
-105
-7
1
118
56
-15
-96
-56
-31
24
-2
14
37
-116
99
-40
-98
122
35
-50
26
-9
-75
-14
-114
88
3
-2
56
51
41
-2
-26
-95
-32
7
-104
78
-116
91
-113
-109
98
-125
-114
6
102
-117
51
-13
107
-5
-42
62
58
-117
81
-16
61
102
-113
-124
-98
-99
55
32
100
-73
110
-127
118
5
-26
123
78
35
-124
-96
127
100
-2
-112
-56
20
25
13
-69
-2
65
-22
-84
-71
64
-70
91
-56
100
-48
112
57
44
-5
39
-6
-25
-74
84
-98
-46
-100
88
120
62
-100
120
-24
-12
110
82
112
-65
46
-122
-13
93
2
-33
93
57
-24
39
97
-122
102
-1
-10
-79
-111
-31
-21
-71
-110
40
-100
-55
-75
71
-106
-35
-60
20
58
103
11
-29
66
111
97
-104
120
95
-86
-109
127
-26
-83
80
51
-92
-92
-71
-101
12
-85
63
-58
-28
29
-63
-81
28
-18
111
58
-5
23
80
27
-90
-23
63
78
63
-62
-98
-3
-27
-2
-103
-82
86
-120
56
-101
-16
45
-71
-117
-54
-40
-10
-24
34
-84
-118
118
-103
67
-112
-23
62
121
-62
-19
37
-119
-90
-1
123
-107
-21
-37
-15
-74
-42
89
122
-127
7
84
-34
81
-50
-18
37
81
-57
-7
31
126
-102
-59
86
16
62
-73
-2
118
29
118
-30
108
-102
29
-123
-69
-125
-8
109
46
-81
36
-100
83
-8
16
-96
-108
50
51
-4
87
115
38
72
-70
77
-15
-53
82
-85
-6
-114
17
-111
-24
-54
80
111
-82
63
58
108
-59
108
-73
-22
-83
-44
-109
95
99
72
49
-127
-83
-76
25
-9
-115
73
12
47
38
-51
8
126
-91
39
100
104
21
80
108
-29
53
-53
27
-47
-16
-45
-25
14
57
-59
46
98
-57
-6
70
38
21
103
2
109
-28
-65
-36
-79
-79
-120
-80
-21
11
80
82
77
74
30
109
-38
-93
5
-101
70
120
