-94
24
-43
117
43
119
-124
-6
42
-2
66
32
-68
-105
-2
-75
87
96
-51
113
-110
44
98
56
-91
76
-128
125
-79
-12
6
40
-33
-120
-126
86
-68
-107
11
-107
-52
-60
116
20
-114
117
-39
45
-3
-69
-120
18
-57
5
96
-20
-8
-51
89
-45
85
-79
97
102
63
40
61
1
30
43
55
-80
-117
40
-59
-120
-120
36
43
91
67
-125
97
-44
-54
-30
-33
-127
-94
36
-16
-121
77
117
-12
55
69
-82
56
-109
92
56
64
-44
-47
-74
111
-76
125
50
31
-6
-41
94
18
126
54
106
84
-87
-3
106
-46
86
89
-24
24
102
-25
58
-33
-65
-95
-24
104
32
-78
91
111
127
71
-74
60
8
79
98
3
-14
17
106
25
-44
-123
-75
69
123
-104
-99
25
-105
-127
-37
8
36
-38
118
124
47
94
-17
91
-97
-106
-51
-52
0
121
-37
-28
80
-100
106
115
-10
-21
-36
-127
-117
80
73
-4
-5
70
-50
48
-44
-120
77
51
6
19
-77
-68
32
68
7
-61
-17
-128
80
38
-4
-22
70
59
19
-54
42
-78
-17
-18
23
-49
23
-2
82
51
-73
-76
38
-93
-81
30
15
95
-31
102
-117
-8
-72
30
91
-23
-18
-25
83
66
49
83
-31
-119
23
-28
18
-71
-120
-33
51
71
-9
69
94
48
84
-71
97
-96
-118
1
96
-34
87
28
-31
-92
57
-6
51
93
-70
-24
39
-18
96
46
-38
12
7
-61
82
-46
-69
100
9
85
107
-40
87
112
-55
64
47
48
2
58
4
-99
-94
-65
20
13
-59
-62
2
5
-55
-100
-44
-80
-74
-67
-74
58
-27
40
12
23
13
93
-35
9
-52
6
82
38
-44
-121
-82
-32
-125
29
-46
67
118
-100
14
-106
-83
-75
-48
-7
-112
32
-116
22
-20
68
93
58
98
-54
116
126
122
-86
46
-93
108
69
-7
34
-101
106
78
-90
-22
97
31
-71
-38
-51
-125
-36
117
0
93
112
110
-14
-47
1
40
-11
80
-117
-110
84
53
-36
50
-47
39
61
-61
38
78
3
60
-89
117
109
115
87
-38
-61
81
36
9
50
39
124
37
-18
-103
-79
-78
-73
-61
-116
-79
90
-59
32
-104
50
-4
-64
-83
-63
87
12
-118
-40
-25
-95
55
46
-75
-113
103
12
-23
-11
25
-118
-107
33
-31
50
-93
88
77
-86
123
-108
57
-126
-88
-117
-118
71
21
-90
-47
-61
-96
-101
-7
28
71
-90
19
-35
-6
-32
74
-70
-10
-31
9
-90
115
-7
87
-122
36
29
-95
-90
-123
4
-77
71
-4
-20
-84
-10
-106
-22
-44
-121
-47
108
104
-3
-87
-27
17
42
66
114
3
126
5
-85
-123
-2
-97
-49
-68
-85
-42
-69
-84
4
-100
4
-113
-22
-39
-11
6
-65
34
-6
-56
90
48
67
81
-104
6
-66
110
-120
94
-49
-19
-107
113
-20
-74
-104
103
-54
-106
-90
-126
-44
5
30
-105
53
-76
-89
63
55
9
84
10
-92
53
29
-106
-33
-127
-12
-11
-97
112
8
-95
-51
113
-19
67
-121
-12
-61
97
50
83
0
-67
-84
-103
-103
-90
110
54
92
-64
-25
-43
37
120
-48
74
94
-116
-67
-57
123
-46
-23
-27
5
-114
-17
111
-35
88
8
96
-86
-121
-78
-71
55
65
-55
-65
-43
16
-13
-96
64
23
-126
73
-114
78
100
28
69
85
89
74
-58
-97
-107
-61
98
-76
-105
-10
37
-6
-109
125
49
14
127
6
12
-90
67
-124
20
110
17
51
92
94
80
48
68
96
102
126
-72
-33
-52
-18
-88
-41
48
-65
-57
124
91
-24
-73
-118
117
36
-86
-108
-52
102
-85
-57
72
54
61
-79
116
-90
-6
-116
-6
31
101
90
76
-33
-78
40
69
87
-100
-79
-18
-62
117
-83
92
40
48
120
-104
-13
42
116
-72
69
-47
101
-114
-40
-80
66
-76
35
78
1
44
113
-16
-101
-49
63
-2
-20
-112
-92
82
82
-23
-125
94
55
102
47
-26
45
39
-41
-10
59
114
-9
14
-113
-42
-22
-39
37
53
-105
-46
71
-22
-78
92
-20
95
-48
43
-54
26
73
3
-105
-11
118
20
-106
105
32
98
120
-54
-29
78
21
62
-122
42
-85
94
-123
24
-96
104
-88
-50
60
116
89
-40
25
110
-14
5
61
127
119
-80
123
-126
-60
-18
31
61
-64
-89
30
52
-123
-108
-61
-38
59
40
-24
97
44
6
15
89
120
-38
18
-47
68
48
122
-119
-52
57
-10
-59
-11
11
-6
-98
-3
50
51
-24
3
72
-77
89
-100
-86
-23
14
-55
-3
54
22
-63
-77
-28
50
41
-24
60
13
111
74
35
103
-103
111
113
84
84
46
-24
-16
51
-111
-76
-43
61
28
-17
-53
123
84
65
107
-85
24
67
-101
-96
-124
42
36
-17
-29
3
-73
87
102
-82
-108
-72
82
-11
-124
110
-58
-84
-113
118
17
-99
-20
63
-69
20
-127
-74
-20
70
50
-16
81
-23
24
-101
-110
-16
19
17
-90
63
99
-76
31
-5
122
79
-24
-41
31
92
15
84
53
9
84
-70
-35
-38
-50
83
-108
-98
-40
37
51
-37
-107
7
11
-49
-93
4
65
-21
-37
-80
3
-25
90
-111
-65
-68
103
-73
47
-16
38
75
54
-88
-88
99
