67
79
80
49
1
0
16
0
24
1
0
32
0
112
0
32
5
0
0
0
5
0
0
0
5
0
0
0
2
0
252
1
48
1
0
0
48
64
0
0
0
0
0
0
49
1
2
0
49
64
0
0
48
15
0
0
50
64
0
0
192
10
0
0
16
0
0
0
36
64
39
0
96
243
35
89
5
1
1
0
15
1
1
0
0
64
0
0
0
0
3
0
1
64
0
0
0
0
0
0
2
64
0
0
0
0
0
0
3
64
0
0
0
0
0
0
11
1
31
0
12
1
31
0
10
1
31
0
4
1
0
0
5
64
0
0
32
0
0
0
4
64
0
0
1
0
0
0
6
64
0
0
1
0
0
0
9
1
11
0
7
1
0
0
0
1
1
0
1
1
1
0
3
1
1
0
2
1
1
0
20
1
65
0
31
1
1
0
16
64
0
0
0
0
0
0
17
64
0
0
0
0
0
0
18
64
0
0
0
0
0
0
19
64
0
0
0
0
0
0
18
1
31
0
17
1
31
0
19
1
15
0
27
1
31
0
28
1
31
0
26
1
31
0
21
64
0
0
0
24
0
0
20
64
0
0
16
0
0
0
22
64
0
0
0
2
0
0
24
1
128
255
33
1
2
0
32
1
2
0
34
1
4
0
46
1
17
0
40
1
2
0
32
64
0
0
208
15
0
0
33
64
0
0
32
10
0
0
41
1
2
0
34
64
0
0
48
15
0
0
35
64
0
0
160
0
0
0
37
1
0
0
38
1
128
255
39
1
127
0
22
1
7
0
21
1
15
0
23
1
15
0
36
1
0
2
47
1
0
0
17
0
0
0
2
0
0
0
48
64
0
0
192
10
0
0
49
64
0
0
240
25
0
0
50
64
0
0
0
117
0
0
16
0
0
0
16
64
0
0
0
2
0
0
19
1
175
0
32
64
0
0
208
32
0
0
33
64
0
0
32
110
0
0
34
64
0
0
240
25
0
0
35
64
0
0
224
6
0
0
47
1
7
0
17
0
0
0
2
0
0
0
48
64
0
0
192
127
0
0
49
64
0
0
0
0
0
0
50
64
0
0
48
15
0
0
16
0
0
0
36
64
38
0
128
232
200
94
5
1
65
0
0
64
0
0
0
0
0
0
4
1
191
0
5
64
0
0
0
24
0
0
4
64
0
0
16
0
0
0
6
64
0
0
0
2
0
0
9
1
128
255
0
1
0
0
1
1
0
0
31
1
2
0
16
64
0
0
0
32
1
0
18
1
15
0
17
1
15
0
19
1
191
0
27
1
15
0
28
1
15
0
26
1
15
0
21
64
0
0
0
12
0
0
22
64
0
0
0
1
0
0
34
1
3
0
46
1
0
0
32
64
0
0
128
7
0
0
33
64
0
0
176
7
0
0
34
64
0
0
0
0
0
0
35
64
0
0
128
7
0
0
22
1
24
0
21
1
7
0
36
1
0
1
17
0
0
0
3
0
0
0
48
64
0
0
240
142
0
0
49
64
0
0
0
224
1
0
50
64
0
0
96
221
0
0
16
0
0
0
36
64
40
0
128
150
144
83
15
1
2
0
0
64
0
0
0
32
1
0
11
1
15
0
12
1
15
0
10
1
15
0
5
64
0
0
0
12
0
0
6
64
0
0
0
1
0
0
3
1
0
0
2
1
0
0
16
64
0
0
0
0
0
0
19
1
19
1
21
64
0
0
0
18
0
0
33
1
0
0
32
1
0
0
34
1
0
0
46
1
1
0
32
64
0
0
64
235
1
0
33
64
0
0
32
210
0
0
34
64
0
0
0
224
1
0
35
64
0
0
64
11
0
0
22
1
3
0
21
1
15
0
23
1
31
0
36
1
0
2
47
1
2
0
17
0
0
0
2
0
0
0
36
64
39
0
128
134
67
118
0
64
0
0
0
0
0
0
4
1
19
1
5
64
0
0
0
18
0
0
0
1
1
0
1
1
1
0
3
1
1
0
2
1
1
0
16
64
0
0
0
32
1
0
33
1
2
0
32
1
2
0
46
1
0
0
40
1
0
0
32
64
0
0
144
119
1
0
33
64
0
0
128
11
0
0
41
1
0
0
34
64
0
0
80
108
1
0
22
1
15
0
23
1
15
0
36
1
0
1
47
1
7
0
3
0
0
0
48
64
0
0
16
131
1
0
49
64
0
0
0
64
2
0
50
64
0
0
96
105
1
0
18
0
1
0
16
0
0
0
36
64
40
0
48
73
162
122
0
64
0
0
0
32
1
0
0
1
0
0
1
1
0
0
3
1
0
0
2
1
0
0
16
64
0
0
0
0
0
0
33
1
0
0
32
1
0
0
46
1
1
0
40
1
2
0
32
64
0
0
64
75
2
0
33
64
0
0
32
94
1
0
41
1
2
0
34
64
0
0
0
64
2
0
22
1
3
0
23
1
31
0
36
1
0
2
47
1
4
0
17
0
0
0
2
0
0
0
36
64
38
0
20
6
74
105
0
64
0
0
0
0
0
0
0
1
1
0
1
1
1
0
3
1
1
0
2
1
1
0
16
64
0
0
0
32
1
0
33
1
2
0
32
1
2
0
46
1
0
0
40
1
0
0
32
64
0
0
176
247
2
0
33
64
0
0
128
11
0
0
41
1
0
0
34
64
0
0
112
236
2
0
22
1
15
0
23
1
15
0
36
1
0
1
47
1
7
0
3
0
0
0
48
64
0
0
48
3
3
0
18
0
1
0
16
0
0
0
36
64
40
0
128
238
222
90
0
64
0
0
0
32
1
0
0
1
0
0
1
1
0
0
3
1
0
0
2
1
0
0
16
64
0
0
0
0
0
0
33
1
0
0
32
1
0
0
46
1
1
0
40
1
2
0
32
64
0
0
64
75
2
0
33
64
0
0
32
94
1
0
41
1
2
0
34
64
0
0
0
64
2
0
22
1
3
0
23
1
31
0
36
1
0
2
47
1
4
0
17
0
0
0
2
0
0
0
36
64
38
0
0
91
96
102
0
64
0
0
0
0
0
0
3
1
1
0
2
1
1
0
16
64
0
0
0
32
1
0
18
1
7
0
17
1
7
0
27
1
7
0
28
1
7
0
26
1
7
0
21
64
0
0
0
9
0
0
22
64
0
0
128
0
0
0
33
1
2
0
32
1
2
0
34
1
3
0
46
1
0
0
40
1
0
0
32
64
0
0
208
119
4
0
33
64
0
0
112
11
0
0
41
1
0
0
34
64
0
0
144
108
4
0
22
1
7
0
21
1
7
0
36
1
0
1
47
1
7
0
3
0
0
0
36
64
40
0
128
95
131
105
0
64
0
0
0
32
1
0
11
1
7
0
12
1
7
0
10
1
7
0
5
64
0
0
0
9
0
0
6
64
0
0
128
0
0
0
3
1
0
0
2
1
0
0
16
64
0
0
0
0
0
0
33
1
0
0
32
1
0
0
34
1
0
0
46
1
1
0
32
64
0
0
128
142
4
0
33
64
0
0
32
94
1
0
34
64
0
0
64
131
4
0
36
1
0
2
47
1
4
0
2
0
0
0
36
64
38
0
159
82
67
85
0
64
0
0
0
0
0
0
3
1
1
0
2
1
1
0
16
64
0
0
0
72
0
0
18
1
3
0
17
1
3
0
27
1
3
0
28
1
3
0
26
1
3
0
21
64
0
0
128
4
0
0
22
64
0
0
64
0
0
0
33
1
2
0
32
1
2
0
34
1
3
0
46
1
0
0
32
64
0
0
224
247
5
0
33
64
0
0
144
11
0
0
34
64
0
0
160
236
5
0
22
1
3
0
21
1
3
0
23
1
127
0
36
1
0
1
47
1
2
0
3
0
0
0
36
64
39
0
143
116
148
75
0
64
0
0
0
72
0
0
11
1
3
0
12
1
3
0
10
1
3
0
5
64
0
0
128
4
0
0
6
64
0
0
64
0
0
0
3
1
0
0
2
1
0
0
16
64
0
0
0
0
0
0
33
1
0
0
32
1
0
0
34
1
0
0
46
1
1
0
32
64
0
0
176
14
6
0
33
64
0
0
32
94
1
0
34
64
0
0
112
3
6
0
36
1
0
2
2
0
0
0
0
64
0
0
0
0
0
0
9
1
0
0
20
1
65
1
16
64
0
0
0
18
0
0
18
1
0
0
17
1
0
0
27
1
0
0
28
1
0
0
26
1
0
0
21
64
0
0
32
1
0
0
22
64
0
0
16
0
0
0
24
1
0
0
33
1
3
0
32
1
3
0
36
64
34
32
1
0
0
64
22
1
0
0
21
1
1
0
23
1
255
0
36
1
0
1
47
1
1
0
5
0
1
0
36
64
41
0
144
202
159
77
0
64
0
0
0
18
0
0
11
1
0
0
12
1
0
0
10
1
0
0
5
64
0
0
32
1
0
0
6
64
0
0
16
0
0
0
9
1
128
255
20
1
1
0
31
1
1
0
16
64
0
0
0
0
0
0
19
1
7
0
21
64
0
0
8
0
0
0
20
64
0
0
8
0
0
0
22
64
0
0
1
0
0
0
24
1
226
255
33
1
0
0
32
1
0
0
32
64
0
0
112
109
7
0
33
64
0
0
32
10
0
0
34
64
0
0
208
108
7
0
35
64
0
0
160
0
0
0
21
1
3
0
23
1
15
0
36
1
0
2
2
0
0
0
0
0
255
255
