114
243
214
15
241
119
22
145
212
71
160
146
152
54
24
48
110
86
162
181
84
225
108
183
105
248
145
136
175
232
78
184
241
77
0
200
32
180
111
187
149
149
35
77
198
144
170
43
214
241
156
20
48
229
100
171
248
169
46
72
245
170
44
192
173
230
221
146
230
214
251
213
104
102
64
128
150
181
179
138
73
224
28
33
84
76
104
236
60
238
212
204
66
181
81
200
229
44
249
77
140
48
93
121
167
144
17
30
43
156
42
34
92
50
168
191
223
13
11
152
228
72
32
178
234
86
58
117
17
144
217
78
236
132
188
223
162
63
23
122
63
46
19
196
21
135
33
139
26
211
71
83
76
169
213
63
158
203
134
246
39
138
5
149
47
54
56
217
183
38
183
19
236
57
57
171
85
12
145
154
55
213
119
171
46
75
27
253
235
126
156
48
201
93
190
55
219
182
169
208
78
225
24
103
25
240
240
252
155
60
44
97
2
217
226
88
22
15
35
188
34
216
36
27
216
187
116
144
227
177
204
106
27
0
51
53
110
140
216
70
149
207
0
52
58
94
97
101
19
160
171
39
72
43
54
236
186
87
144
32
144
246
229
99
109
82
163
211
193
76
94
205
112
51
213
135
210
189
123
163
186
183
213
85
209
90
106
95
201
172
220
91
205
166
135
21
228
25
165
200
244
243
188
93
21
104
135
12
143
203
89
45
59
211
129
66
33
55
173
91
210
89
160
76
70
114
60
89
51
117
81
144
24
33
19
242
118
55
165
226
129
43
254
33
57
182
252
119
94
36
67
191
183
44
181
224
181
251
243
102
219
49
181
180
158
213
133
167
138
246
160
195
55
60
202
231
179
232
20
80
52
215
254
46
114
127
185
196
10
139
221
244
112
48
224
78
100
166
228
224
212
175
210
67
149
189
222
71
92
46
134
115
176
149
117
2
208
139
133
216
174
94
244
254
240
217
209
138
157
101
174
93
68
103
47
88
101
22
178
226
228
2
10
227
55
111
104
88
126
202
142
106
116
100
53
189
147
224
3
226
109
215
74
233
92
62
31
216
57
76
194
170
37
218
87
62
255
51
22
178
130
226
178
237
225
254
229
10
129
143
218
104
71
132
47
75
170
105
108
221
109
168
17
109
30
18
87
131
112
253
76
173
84
240
100
11
89
222
72
82
241
245
141
141
165
170
93
96
49
10
65
32
120
254
169
221
43
223
23
254
231
54
81
1
55
73
149
40
176
121
138
132
239
2
114
246
13
97
253
218
90
136
246
176
195
110
58
238
175
210
247
221
105
60
35
150
228
139
2
130
247
9
84
160
38
132
80
82
17
49
10
190
245
139
121
237
14
21
77
250
32
60
184
93
147
161
249
123
6
85
208
255
203
73
227
69
0
241
3
244
245
186
182
206
225
221
161
80
14
110
12
20
174
207
211
41
32
117
118
94
199
208
68
57
73
238
11
76
242
160
91
137
60
4
60
134
101
216
65
180
83
160
133
132
62
36
103
195
3
191
182
164
85
219
80
87
90
7
149
41
239
46
201
63
63
33
228
196
207
45
203
160
13
239
17
48
148
21
87
50
207
218
57
50
16
166
12
26
95
201
229
54
245
40
233
77
30
171
51
127
149
167
75
250
28
253
20
109
99
172
39
92
149
90
223
41
42
133
59
112
239
150
133
93
216
209
105
80
183
86
72
92
72
145
150
56
208
61
184
202
28
89
86
54
94
88
141
121
106
161
248
211
52
110
241
22
44
182
101
177
120
151
153
220
166
86
69
44
159
128
252
77
206
24
228
255
43
211
228
134
160
190
188
224
2
78
79
102
137
128
57
171
135
250
167
37
31
116
53
151
123
208
186
122
1
146
84
48
152
195
130
167
215
57
151
199
184
5
218
2
164
195
174
102
53
194
30
192
122
39
32
47
219
249
34
19
98
133
194
188
4
41
224
90
170
238
236
188
151
249
199
145
94
33
238
126
10
120
20
167
115
106
153
56
231
238
187
155
198
236
103
210
94
61
58
165
46
252
194
165
186
55
73
9
243
124
83
36
68
150
204
171
6
238
205
227
25
63
127
56
51
102
212
171
152
127
44
249
89
67
241
74
232
114
131
21
214
222
240
177
133
229
213
33
213
66
8
96
112
5
243
66
34
211
219
232
141
186
118
68
49
169
77
192
142
145
113
38
91
54
189
3
91
230
100
168
3
48
100
9
5
24
76
168
26
50
240
32
244
11
18
186
115
222
166
167
53
11
29
114
28
73
207
26
196
184
106
36
24
221
152
219
178
33
245
151
104
115
95
5
179
49
215
25
236
52
151
140
197
113
231
8
233
178
9
95
111
23
71
53
224
61
34
59
158
48
222
133
246
64
47
76
147
67
199
3
91
186
244
65
11
88
102
212
114
29
95
60
118
126
169
64
192
239
69
180
183
72
51
89
104
213
107
101
223
203
156
189
153
15
219
149
157
217
233
206
93
90
96
52
205
58
189
94
72
146
80
209
129
12
27
37
247
229
177
201
136
81
82
153
22
137
31
44
81
162
59
61
75
100
81
1
171
167
119
118
126
171
133
23
252
234
70
164
154
144
72
180
163
244
196
76
125
203
26
16
45
175
254
228
174
31
114
12
246
232
144
98
68
247
58
76
194
253
209
141
230
170
66
252
166
60
162
215
224
81
209
99
105
10
213
205
15
185
242
111
192
164
189
137
36
216
143
211
226
56
116
244
66
37
13
191
103
6
26
83
68
65
92
47
228
223
138
183
133
238
67
124
250
163
11
1
34
148
2
172
99
138
101
112
253
121
81
75
13
102
87
73
70
6
158
189
173
179
119
250
230
198
39
53
5
95
53
89
30
174
213
81
58
130
229
172
180
113
14
235
186
217
101
86
20
110
29
121
243
214
119
47
19
29
101
126
112
222
200
110
205
26
28
69
195
119
247
175
74
34
132
17
237
136
123
235
78
246
118
14
154
241
178
198
202
129
102
18
201
91
220
144
205
245
244
139
15
70
68
154
66
42
190
236
101
140
217
177
164
189
155
34
65
125
158
236
44
213
203
12
148
227
163
195
176
82
114
245
148
215
134
219
53
152
25
81
155
8
208
223
178
193
86
206
36
58
76
30
21
95
59
77
241
229
56
55
46
102
148
170
144
43
72
101
122
47
238
176
143
220
207
155
60
149
220
28
161
83
169
188
93
188
82
113
6
30
132
59
2
193
48
152
183
238
2
206
198
110
57
222
251
165
114
14
26
2
109
210
184
68
150
11
207
14
141
209
189
166
32
97
185
181
215
248
215
28
74
27
165
147
8
171
244
93
242
77
111
175
16
227
143
203
49
210
34
17
158
55
87
110
66
79
204
107
140
97
254
167
196
31
8
75
175
238
251
9
201
82
137
193
166
191
211
56
205
222
128
134
59
149
204
165
227
179
190
223
88
170
35
210
112
133
145
56
152
91
4
240
244
151
177
80
24
221
158
89
240
81
50
227
81
154
42
50
76
129
132
210
98
247
7
173
63
43
52
91
9
33
87
161
155
127
83
142
58
227
243
67
85
167
159
183
90
252
50
146
186
16
115
16
202
145
70
164
23
26
201
144
139
183
56
137
4
57
125
181
141
44
15
193
6
136
161
247
122
81
239
65
149
79
123
30
40
56
187
253
68
89
144
115
125
40
230
83
109
237
255
223
9
143
108
64
79
45
244
167
90
241
73
134
241
158
33
142
93
71
177
116
48
184
205
105
112
24
155
229
222
193
9
33
209
226
105
159
83
88
233
216
114
131
80
68
29
223
144
149
26
81
143
171
230
121
126
118
33
140
89
85
30
105
139
228
15
210
38
131
214
114
8
171
58
46
79
40
254
187
7
7
26
145
140
148
207
71
148
99
232
154
47
215
85
30
58
110
53
91
224
166
204
174
36
30
32
193
254
117
50
162
212
38
108
155
198
166
212
180
19
171
40
160
229
99
2
55
220
227
24
41
184
131
29
216
30
231
173
137
83
166
49
182
115
200
199
68
7
158
218
231
126
219
88
195
86
151
156
150
145
131
80
131
114
168
16
244
72
59
181
87
101
253
109
46
197
136
152
30
54
144
130
165
108
40
244
95
54
219
60
201
67
213
35
18
159
184
225
121
233
55
187
157
111
217
37
250
155
98
51
235
24
51
82
230
81
191
154
123
49
23
242
60
67
34
202
33
139
81
73
225
6
243
103
31
234
251
81
178
255
147
95
19
183
47
16
0
6
104
105
10
117
124
179
103
28
41
146
221
12
163
124
25
95
134
27
254
226
228
220
252
54
155
57
70
93
24
49
136
153
165
123
136
255
96
227
47
4
113
153
241
45
208
234
115
139
120
80
81
147
17
36
103
20
178
207
165
71
244
240
115
60
247
232
140
70
149
238
77
250
204
156
194
108
22
254
4
15
138
126
131
235
38
84
84
169
110
18
248
80
72
209
201
106
88
102
20
48
152
166
159
80
202
64
219
207
34
88
203
41
40
30
56
30
236
126
135
16
197
113
27
174
152
91
196
15
132
124
79
134
200
101
228
237
152
44
42
16
178
80
171
119
40
231
93
74
11
193
176
116
20
231
116
236
116
45
183
92
158
58
150
198
130
106
80
177
216
74
173
249
100
119
109
153
75
226
225
216
3
181
229
63
73
113
129
55
92
63
195
49
142
129
76
71
210
4
66
218
253
124
231
67
133
244
6
237
153
222
26
64
254
225
218
116
176
224
75
22
71
79
163
250
33
83
44
182
139
21
120
246
160
103
79
202
69
76
193
53
20
225
106
13
143
113
239
146
56
82
182
56
53
37
96
159
166
70
248
238
229
153
49
247
98
190
243
155
222
63
43
6
54
117
39
49
255
102
62
95
12
77
32
119
124
24
7
111
141
231
49
248
48
9
169
60
66
232
249
224
110
12
109
217
214
124
75
46
70
125
97
59
206
158
98
43
104
214
73
177
45
115
66
123
40
30
36
163
94
20
110
226
119
159
232
135
152
9
85
162
132
68
12
12
83
46
56
216
7
122
254
99
83
116
121
164
211
221
240
228
214
99
194
217
138
144
215
194
20
18
158
220
196
211
177
158
185
196
20
34
79
205
162
166
9
127
172
93
112
16
180
242
74
151
6
201
2
151
53
195
56
56
157
246
31
232
6
149
82
127
13
39
120
133
137
165
82
1
133
249
49
86
81
98
147
211
185
205
35
25
4
33
157
81
91
87
146
118
76
175
81
145
108
204
33
74
90
141
131
202
219
234
191
217
49
223
187
108
22
239
49
212
85
95
9
242
100
172
217
55
180
220
145
74
41
123
42
19
49
123
50
95
80
59
117
122
156
116
9
17
40
53
154
34
215
78
241
247
210
202
77
189
86
60
20
177
220
84
180
138
253
222
150
162
45
139
192
205
191
169
136
66
7
222
56
245
9
34
172
219
155
63
249
80
25
137
78
215
0
180
101
143
176
94
209
126
136
65
10
107
70
51
182
100
110
167
136
232
51
3
173
190
222
94
173
107
130
82
134
20
67
132
231
206
221
77
227
38
114
110
219
82
132
95
12
71
157
112
195
188
87
85
78
48
202
33
32
192
110
69
114
196
194
89
101
208
63
16
84
17
172
16
180
111
179
187
17
174
139
100
227
198
203
105
128
127
255
210
42
24
247
177
148
227
64
95
13
25
203
25
45
55
197
224
183
129
69
24
57
61
13
251
138
105
149
195
200
132
196
19
154
91
0
114
116
231
3
21
121
28
219
228
216
184
39
6
163
208
48
161
197
65
43
82
142
219
47
41
90
99
35
159
156
179
151
123
27
161
181
147
13
173
184
6
62
207
59
187
124
128
153
82
7
38
196
31
52
198
93
174
55
131
234
120
189
172
56
78
166
235
176
190
178
59
228
82
99
192
164
49
116
168
40
136
118
254
127
159
84
173
246
71
52
130
30
51
212
168
173
117
203
40
129
47
62
89
104
164
209
3
61
51
88
26
13
123
109
199
46
123
60
63
235
3
158
222
196
19
183
225
11
61
198
251
134
109
78
176
164
192
98
193
208
225
203
193
204
171
78
138
209
219
185
222
56
62
101
80
49
127
119
109
156
76
144
159
184
176
187
105
2
12
96
58
208
235
159
169
56
204
160
202
96
86
246
178
234
104
9
209
62
76
151
54
138
120
159
158
95
239
92
119
70
131
21
56
121
221
53
20
159
52
10
21
106
11
4
250
94
132
129
45
90
159
64
150
223
230
56
194
63
231
242
91
79
30
116
177
193
66
206
214
39
155
112
221
202
16
98
143
101
90
34
57
197
223
52
209
29
34
174
83
168
215
19
15
60
128
217
229
221
68
137
7
104
80
221
48
128
208
79
18
36
92
136
85
34
74
123
59
197
210
177
232
69
111
177
106
178
238
49
233
34
62
206
118
187
181
58
41
13
204
69
197
136
144
118
75
205
161
185
52
249
113
184
37
167
71
209
51
161
197
121
249
146
251
57
198
56
154
167
130
175
30
25
38
150
227
18
116
8
208
234
3
7
189
80
85
56
236
21
112
159
138
114
117
114
215
155
170
63
232
232
101
84
59
32
39
109
95
44
200
49
83
173
109
140
164
103
52
180
155
233
62
93
255
132
105
140
172
87
61
143
215
167
177
220
174
79
213
242
229
68
191
112
40
80
155
76
39
142
57
95
104
230
69
77
184
150
231
169
204
75
99
223
10
166
123
131
238
86
182
102
174
206
157
205
66
242
252
21
151
216
211
227
116
250
10
231
224
137
39
11
116
53
220
234
110
14
57
80
189
36
78
83
51
97
103
5
42
24
87
9
197
25
113
100
124
10
188
33
203
192
42
219
94
213
68
149
153
29
134
225
49
13
62
142
177
36
131
41
228
58
60
60
54
124
52
155
32
182
74
62
195
221
74
178
169
210
120
60
