-107
30
-65
78
-76
-25
-113
-35
2
-56
68
-51
-21
99
52
-93
30
32
77
117
-6
-116
-116
43
-43
27
93
115
-29
107
28
-77
-26
76
-24
-28
111
-81
35
-41
59
6
-51
-122
95
66
-116
61
38
23
121
-105
34
19
10
-6
-105
108
65
36
26
43
-52
82
42
-62
-122
22
78
-90
-121
-61
-50
95
-48
-14
-35
-34
-29
74
73
49
-11
-116
32
-59
-23
17
43
-100
78
3
116
103
-12
-2
44
55
-118
31
-6
66
127
-127
-62
22
-52
95
-100
13
25
-111
-115
-36
-41
-37
-31
119
-101
-127
13
-66
-117
-73
-22
4
41
-98
60
-75
-55
0
63
-22
3
46
120
74
-29
69
92
99
-95
-45
-95
96
105
-89
-110
-127
55
7
-56
-51
-42
56
-25
-26
-66
57
72
2
-40
105
-52
-4
99
69
-105
101
-40
113
45
-9
-89
95
-14
113
-74
62
76
71
45
78
61
-57
53
-64
-107
5
-101
110
-6
117
-69
65
43
-63
8
119
-59
127
-87
121
-92
-4
-45
8
-11
-49
18
106
62
76
-83
2
42
102
36
-88
-44
-122
71
87
-22
30
-81
-30
85
-51
62
70
62
-84
-128
-50
115
105
38
-55
-51
114
55
19
109
-68
-125
117
0
-15
-70
-124
105
93
-118
84
-35
24
61
111
-8
-49
-81
-15
112
74
-108
-48
-108
-52
61
-86
88
16
121
-90
27
39
44
38
50
83
89
44
123
-72
-87
112
-101
-90
-45
50
-114
-32
79
53
-95
101
-108
96
-37
-120
-127
-31
-118
89
0
-87
-122
-11
101
-33
13
-67
71
-92
115
-34
119
-79
101
-112
-104
82
-106
69
-73
-9
-42
-75
55
85
-110
0
-43
69
-84
-80
-16
115
-72
-66
-111
19
14
-117
69
-1
-63
-27
-62
50
4
97
122
98
5
-126
-76
36
112
-101
62
-102
64
36
-64
53
116
43
-77
-70
127
59
-124
111
15
-39
73
106
-69
56
30
32
61
84
-94
-97
118
16
58
-13
45
-79
-89
85
14
-6
124
-53
-32
-8
-103
30
65
67
35
-46
71
47
-63
-15
-117
32
118
15
-91
19
-116
-91
-93
-74
85
-90
51
-128
96
-44
-27
-29
-96
-84
55
-118
-63
-113
85
25
112
-33
52
-61
-119
27
-20
124
27
-118
97
-37
-89
-11
30
-94
54
-108
39
44
113
-75
-20
-9
-24
-76
59
2
-17
-36
-117
-74
123
107
3
-77
48
-94
-68
113
35
-11
-34
95
67
-28
-67
-32
-62
70
-127
101
-51
-32
-83
43
-62
13
-90
-39
-25
-126
97
82
-65
-28
-54
5
54
-106
-80
-41
103
-99
-34
29
84
-96
-122
-114
47
-36
126
67
-14
-22
7
95
-95
82
117
-45
-60
94
62
107
-63
67
16
50
-13
-16
114
-6
-116
33
3
80
-56
-25
48
-25
79
121
-119
-105
-103
-69
-25
-5
-69
-85
-102
-65
-71
43
107
-3
23
-20
-4
-76
31
70
-74
63
-42
-75
-13
-66
54
-35
-121
52
62
-119
-76
-99
118
44
-91
84
-80
-40
-10
108
-16
-55
120
-95
-84
23
95
-113
-52
48
43
-126
-59
-4
-110
4
-85
6
88
11
61
81
102
-52
-30
-104
-116
81
-42
-109
-126
-92
-96
-14
113
18
70
-118
-44
55
-97
-31
123
72
124
11
-44
55
7
125
-66
-80
-102
75
-55
-122
-23
-77
-49
40
91
82
77
-100
-65
27
53
-123
-119
-95
-102
84
-28
14
-122
-61
-79
78
36
64
-51
38
-108
41
-58
-17
74
-118
11
35
-93
60
123
36
-64
110
-89
46
8
-119
-43
40
-81
-67
73
65
-113
-44
69
-75
-118
2
-62
-31
76
97
-55
-14
126
67
125
94
72
6
98
68
111
103
44
-94
91
54
0
69
88
2
-62
-25
-118
71
55
90
85
110
-120
-91
-116
4
-63
121
-103
1
14
-20
64
74
-25
124
25
-102
-55
-125
24
-20
62
-70
89
99
-44
31
21
11
-69
-73
-75
-42
0
-53
-64
-105
-25
73
-99
118
-95
23
3
39
-32
22
-107
-65
19
-70
66
-81
-30
42
-3
-32
66
-19
26
-83
-45
49
106
126
67
-124
-99
18
-92
-128
-118
47
-13
111
127
-119
-12
68
-78
50
42
-75
-3
118
-46
71
53
39
123
-67
-80
-30
103
20
-117
-108
116
-99
73
65
-53
39
76
-98
-12
-24
62
60
-52
15
-105
118
-27
-61
117
-93
57
63
84
-52
42
23
107
38
90
-20
-74
-125
117
-120
-59
-128
-48
51
15
-82
-27
37
-62
9
72
-98
-12
-23
-7
-69
-55
50
119
-126
95
-22
85
21
41
31
25
28
-72
-83
-85
55
98
-4
-49
-101
-102
110
90
106
-32
-14
-22
115
-98
-18
79
28
-59
-94
-31
-51
54
123
-97
-69
31
-112
58
92
-95
-91
-34
107
111
58
20
-89
-124
-80
-62
-53
-61
-61
-113
125
-105
-79
-20
-122
10
-93
97
-53
-46
-55
-12
-106
-101
90
-51
-38
-41
-64
-101
-57
1
-54
-65
40
71
4
-28
-77
-100
-127
5
-60
-86
-31
-78
18
-42
72
-102
24
46
105
-21
-72
-7
22
-108
118
101
-81
117
-63
-62
-23
-107
47
7
-12
-31
-68
-125
-62
103
64
37
11
61
22
85
-8
-67
113
3
-71
114
-107
-117
-6
92
54
-108
34
-87
71
-5
-33
80
-40
-98
-83
46
123
111
118
-22
-44
26
-35
-99
-32
20
34
25
69
-11
-94
-24
10
24
87
-7
105
-36
-2
3
-27
80
50
70
-39
-13
-54
93
-48
23
122
113
-123
79
-4
79
-19
-30
112
-83
-44
-54
104
33
117
-63
-50
-1
11
-128
-61
-2
92
14
111
-32
111
-108
107
7
-104
-122
-65
20
-40
23
-49
-125
91
-86
-5
123
125
86
99
2
-121
-14
-18
53
-85
25
121
60
91
44
-113
-43
84
-73
92
106
34
5
112
-71
-56
55
99
75
-28
-93
1
6
126
-93
-31
48
118
-59
21
-101
-71
-120
-24
-41
66
69
126
-91
97
-15
-12
-90
103
-47
-45
-13
84
-3
-113
49
18
-90
119
2
-89
-59
70
-72
-90
-96
-83
-61
15
75
-83
80
-54
86
118
115
55
78
69
-50
-32
-85
-54
-42
-125
97
-82
-67
15
-100
-76
56
34
62
-63
-127
3
28
-61
-30
2
-85
-65
70
8
-89
19
-14
-73
113
-100
64
58
37
-49
94
-1
65
20
-67
-4
-25
107
-124
91
-74
81
-59
123
-89
103
-94
7
123
-103
-81
-98
27
14
5
54
37
-118
23
-118
21
-85
-35
63
-125
117
-23
-26
-97
-16
-114
75
114
79
38
5
76
92
87
-114
12
20
-55
-110
-46
70
101
45
-117
22
24
102
-60
-107
-39
-123
37
58
61
5
24
-51
53
-35
35
-91
-18
58
126
12
9
48
-30
-21
79
-113
82
19
116
-25
-45
105
78
118
26
-48
-125
-102
89
121
53
15
116
110
-115
115
26
-37
-108
20
61
121
106
44
103
-128
68
-60
-19
112
8
65
11
-76
-3
-112
120
39
-45
33
-37
99
-7
115
-45
97
78
-115
-30
-87
-113
-74
-6
64
106
-109
54
-70
86
-93
-128
-124
22
95
115
-102
-11
61
-113
-98
-77
-52
19
22
17
18
-63
-36
-35
35
-122
0
-101
-117
45
-113
-62
86
-28
-44
-97
-111
123
-16
-26
-64
-69
121
-13
-60
78
-107
10
-69
-125
-79
-78
-59
62
97
2
12
53
-22
-87
-121
25
54
-109
40
113
124
93
17
-54
-99
24
85
-113
-52
-55
-17
7
92
-40
-88
-121
-29
-114
-7
21
-63
-67
-128
-68
-101
121
-21
-119
75
43
29
-49
-58
-29
43
-82
69
-62
121
72
95
-125
-12
66
102
55
-93
-68
-85
106
98
-3
28
-89
-90
86
26
-27
50
48
-38
113
-88
-97
-38
71
-104
-34
-86
26
120
66
-54
-80
-28
-89
45
-115
55
54
120
50
37
-5
-63
101
17
47
7
-47
-90
25
70
75
99
123
96
102
-17
101
67
58
74
-101
-22
-76
-21
12
-123
90
72
-49
94
-51
-102
9
0
111
-93
41
-39
17
-100
-14
110
113
47
-60
119
90
-99
-104
119
17
8
-88
-109
65
48
28
-119
-18
-120
13
40
-34
61
23
-95
-34
-28
120
-80
-80
86
-88
17
-82
31
-72
17
-31
-61
7
74
3
-1
-127
108
37
101
74
126
44
83
0
99
-127
-114
33
58
-21
116
-69
46
58
40
-62
15
-90
-120
-127
-86
91
-126
7
-64
119
-124
107
12
-99
-71
126
36
63
10
-91
79
58
-34
-27
33
121
44
-128
3
-64
-14
28
-92
104
-91
-112
-83
109
5
-59
-128
-12
-35
45
61
-98
-128
-86
-28
-42
69
-32
-123
87
87
-72
-93
-4
-100
-127
24
-118
68
87
-20
48
4
19
63
-112
-87
31
-127
109
-97
93
-89
118
109
12
-38
-84
-60
-35
14
9
-35
-108
-21
93
-117
64
-20
-109
-106
-18
101
-79
45
115
-28
121
63
87
-18
-23
-21
-27
-110
51
-29
-45
119
126
-59
-54
-11
119
77
-42
-74
-50
-31
116
-115
-128
114
98
-24
114
80
-73
124
-83
10
-58
19
105
53
-22
43
118
59
-69
5
-76
66
-95
-25
-36
-4
-93
-6
9
-90
-79
33
45
82
96
113
20
-70
107
74
-89
60
-85
-114
-91
7
-57
-120
-13
120
-32
75
122
124
20
114
66
34
-110
56
83
-74
-93
0
35
93
-104
-5
-21
120
-68
-94
76
-72
22
93
-53
55
9
-18
-122
-6
-74
68
46
103
-2
-32
-1
-106
6
-31
-6
23
-61
-54
-115
17
97
-10
-94
-34
-47
12
116
-64
123
-77
-67
50
13
110
73
-79
-74
-115
-127
-31
-33
44
102
11
46
-35
64
70
59
13
68
-12
31
2
-85
-81
-88
-124
-77
-120
-15
16
125
95
82
113
79
-119
-37
29
-118
64
17
-1
-124
-106
-97
55
109
-54
-54
13
75
-58
6
40
-98
76
30
33
-76
-34
-41
-64
-13
-30
44
-100
-80
-80
62
121
-109
110
73
-15
34
-18
76
-88
67
5
89
76
18
-121
120
-127
-20
36
-57
-3
30
-3
23
-10
76
-72
73
-11
-22
49
-64
-42
-11
-33
-89
13
33
26
-46
19
-62
-108
36
-16
-22
94
18
14
95
-58
116
-102
52
-120
-11
31
-35
35
113
101
3
-17
-74
-88
38
34
99
-20
40
83
-34
117
14
-106
-85
28
-3
111
75
16
97
-76
0
106
79
10
-59
-43
-64
26
-124
6
-94
-123
99
-116
18
-112
44
-59
45
40
46
38
-49
-60
-36
-44
-85
-13
54
-69
107
-54
-45
90
52
53
-53
78
-36
9
18
-55
-51
95
74
-110
-66
-19
7
16
108
91
70
-79
-50
-80
-46
24
50
-39
-37
54
16
14
-4
45
12
23
51
-115
35
-48
63
58
86
-14
118
-57
6
-82
110
-56
97
-33
97
106
91
4
-81
-118
-46
2
-57
125
-77
-32
-63
12
-3
13
-76
-71
-98
-38
-72
-69
92
83
-79
77
-52
57
-34
63
39
-116
-24
-24
94
88
-114
-88
-98
-95
49
-112
85
-128
-36
80
-11
-125
-104
-80
21
-98
-109
83
-111
-108
75
22
-41
-110
114
65
32
113
-127
82
-4
38
118
-22
-2
30
-108
-101
1
-118
45
-92
108
-44
-21
-96
32
-54
-80
125
123
-9
51
0
48
64
-93
-10
63
1
-66
-81
-7
45
-12
-96
-93
-34
106
-31
-107
21
62
18
-40
-23
99
107
-69
-56
-109
76
95
-120
-46
-42
-52
-75
99
5
-55
-48
75
-4
-27
20
-59
75
-50
45
24
116
-26
-82
-8
27
-6
-62
24
-118
-113
124
80
-101
-1
6
-15
109
55
65
19
78
125
0
60
115
59
-63
-90
92
-121
-12
110
3
106
118
29
-33
-89
36
55
-36
71
-77
-50
83
88
-104
-70
-10
-110
-73
-97
-100
45
-97
34
114
33
4
-84
-68
-60
101
-71
-95
104
-64
-79
102
-53
-54
-15
122
-104
-79
47
-16
-45
-75
-56
-41
-128
-121
33
91
-99
18
-26
-72
-107
-124
110
-107
-104
59
62
13
34
-42
-70
40
54
-50
-29
12
-65
-119
-21
42
-14
39
-6
-108
105
-45
-14
15
-39
115
113
-60
57
122
13
-100
8
72
104
56
122
-32
-60
58
93
85
-57
4
-87
-56
-90
18
-71
-114
40
-52
95
77
-63
4
6
3
-95
83
-123
-77
47
-25
-83
40
124
6
30
111
57
110
61
30
98
-51
15
-50
56
67
33
-59
99
-61
-100
3
-102
6
-103
-40
-28
121
-125
-110
-71
110
50
52
54
97
22
-53
115
70
-73
45
-47
102
-4
0
-90
108
-31
-22
59
64
-120
-74
-89
57
85
27
-119
-46
-37
-96
-68
6
125
-39
122
-109
36
120
-95
-68
-11
-116
-13
-114
3
95
-114
81
17
108
-10
26
-127
115
109
64
0
-92
-84
-71
-116
-57
84
48
-56
118
-14
-84
23
-25
-48
-63
11
37
100
-57
36
78
-115
10
55
34
117
-126
12
-46
-13
86
-95
-16
-1
-45
-101
117
-41
-85
116
27
-110
-87
23
47
-32
-82
-31
-44
0
67
-93
-27
-20
16
39
-69
119
-71
20
-20
-46
27
7
-92
56
-118
-100
-115
81
-10
-76
-88
108
-46
110
-111
24
123
-76
-7
118
38
-84
48
30
15
-22
-107
49
113
66
-58
78
67
44
-30
-101
3
-9
82
-76
117
89
69
78
-12
51
-41
47
114
-86
-37
77
-42
-65
120
44
-121
13
-100
16
89
10
33
59
-57
-106
-101
65
-117
-67
41
83
-83
119
-117
93
-11
84
-66
20
-20
70
-43
-80
-91
55
-77
13
-2
20
-72
-76
124
-45
-36
39
87
-41
56
-96
-56
-99
-103
106
-110
-20
-74
85
89
19
77
-107
124
-88
102
25
110
-111
-39
82
108
120
-92
-43
-15
-2
-96
-44
7
-55
63
-109
47
-105
64
-18
15
-32
80
-77
124
-4
46
54
-17
-49
-55
-25
121
79
99
-105
-62
-85
-7
-66
1
82
-87
61
99
-108
-36
-86
34
100
94
12
64
-89
68
3
-109
-35
-54
97
-52
77
-70
3
-102
-5
42
-112
-64
-2
-15
22
-88
-128
-54
-56
-105
-21
58
-35
14
-19
75
88
-23
102
55
107
-123
-22
-96
-25
-3
62
36
-110
91
7
-55
54
77
-120
-115
-27
-126
107
-84
-45
23
90
-39
120
107
-79
-124
0
59
-71
67
40
-97
-92
-42
100
-63
-73
13
73
-48
-30
74
75
88
-24
32
-15
-65
3
-95
65
72
101
-38
57
-16
-103
81
-102
-105
-112
74
89
36
71
5
77
41
-73
6
122
97
-37
-110
17
-75
77
-99
-87
-4
-83
20
68
100
68
-79
-66
3
7
17
49
16
12
8
54
-44
-87
-5
64
-41
99
46
-108
62
-102
-95
49
69
-51
-29
86
77
-85
5
115
-74
-93
-113
15
46
-117
47
118
-98
23
-55
-2
-50
-118
17
108
-107
46
-45
-16
-99
87
81
122
-44
56
-37
30
101
83
44
-45
82
-77
13
-81
54
113
-123
68
-65
0
-116
5
101
90
113
-68
75
-116
-45
4
-113
114
92
57
60
114
48
-93
115
43
-52
13
79
-107
-103
73
-41
123
126
-27
115
-99
81
-102
-86
-127
-18
-38
116
120
-13
112
-92
-120
116
87
-68
0
85
106
-22
-109
124
101
-54
-114
119
7
-93
-58
38
-41
-95
71
-6
56
63
107
88
-102
30
-63
-36
77
-124
106
67
-50
-78
-103
-82
80
-16
-64
-27
-79
23
-9
-53
-86
70
-52
102
12
111
125
110
31
-64
115
55
-60
-100
-105
73
-84
-88
25
90
-36
-20
-64
-11
17
-25
81
91
-11
31
69
-109
56
-118
97
25
-57
108
118
40
122
-13
50
-88
-50
52
67
-40
60
-121
-18
62
44
110
112
-70
50
111
-61
-42
59
-27
32
-106
86
-78
50
75
110
68
-124
93
-44
-21
-93
-54
