67
79
80
49
1
0
16
0
24
1
0
32
0
112
0
32
5
0
0
0
5
0
0
0
5
0
0
0
2
0
64
0
5
1
0
0
15
1
1
0
0
64
0
0
0
12
0
0
1
64
0
0
0
0
0
0
2
64
0
0
0
0
0
0
3
64
0
0
0
0
0
0
11
1
31
0
12
1
31
0
10
1
31
0
4
1
2
0
5
64
0
0
96
0
0
0
4
64
0
0
3
0
0
0
6
64
0
0
1
0
0
0
9
1
0
0
7
1
0
0
0
1
0
0
1
1
0
0
3
1
0
0
2
1
0
0
20
1
1
1
31
1
1
0
16
64
0
0
0
0
0
0
17
64
0
0
0
0
0
0
18
64
0
0
0
0
0
0
19
64
0
0
0
0
0
0
18
1
31
0
17
1
31
0
19
1
2
0
27
1
31
0
28
1
31
0
26
1
31
0
21
64
0
0
96
0
0
0
20
64
0
0
3
0
0
0
22
64
0
0
1
0
0
0
24
1
128
255
33
1
0
0
32
1
0
0
34
1
0
0
37
1
0
0
38
1
128
255
39
1
127
0
36
64
30
0
0
0
0
64
22
1
15
0
21
1
15
0
23
1
15
0
36
1
0
1
47
1
0
0
5
0
3
0
0
0
255
255
