32
53
-41
93
-108
39
30
-38
99
68
78
31
-67
-122
-78
-127
13
-94
-30
-12
48
32
-12
-60
123
-103
3
-112
-96
-87
18
101
-33
-57
116
-93
-124
-76
0
30
102
-90
95
100
78
17
110
-99
-110
36
-15
69
-103
-102
-74
-93
59
100
21
46
122
100
-121
-99
96
86
-40
109
20
-7
-13
3
14
-39
-128
1
84
111
-61
17
-1
-109
110
53
-28
-65
-17
53
6
-51
56
21
-89
-107
56
24
-59
-122
-71
-48
44
73
-15
-115
45
-12
-21
80
-116
84
29
91
102
-11
-92
-123
-7
127
68
8
4
-39
-108
118
53
16
125
114
9
-85
-52
98
-34
-4
-66
-48
-117
-59
-30
-5
99
49
38
123
43
-54
-5
64
-21
-49
77
-39
-59
-12
39
-126
43
-47
-31
-72
91
-36
103
-126
108
-121
-7
-60
106
-8
103
7
-115
-64
106
89
-64
12
98
-111
-126
-73
-71
-9
29
-37
34
10
21
-93
33
-64
51
39
24
108
107
2
111
83
-26
64
114
124
-122
62
-80
114
-13
-55
-25
14
92
49
20
49
-59
91
109
53
-71
-69
32
-61
-72
8
-58
57
-2
51
-16
-103
38
-98
-38
-13
-70
53
118
-16
-117
109
-39
-107
-79
-17
71
123
73
-40
-58
93
-82
-29
-77
-92
21
-128
76
41
-49
-70
-68
74
-52
-78
97
11
126
-108
97
37
-13
97
43
-124
-69
94
-75
-128
-39
-120
-36
126
-14
108
107
54
115
75
-38
-10
-10
80
-128
101
112
53
-11
-14
127
-54
-95
-70
-31
106
55
-58
-30
97
-102
-1
-33
-45
-100
84
-10
77
-85
-26
71
69
-88
-120
-115
-61
8
-4
-97
-12
-111
31
-64
10
-48
102
8
-43
-12
-118
-104
86
89
-127
15
-36
32
-43
126
-77
-100
-57
-113
-53
4
-50
-59
117
84
22
77
-107
24
-103
-57
-77
-16
6
75
-75
-25
-123
61
-7
-46
-33
-75
-118
111
18
91
29
101
-42
15
119
50
32
118
113
-25
-12
11
82
-10
40
68
-79
-121
-51
-101
-110
-84
-65
86
45
-39
19
-1
30
125
-35
1
91
-9
-69
-84
-20
119
-20
41
-103
-111
-39
-66
17
32
-64
84
3
29
65
59
-81
-107
115
50
98
73
-78
-57
-35
-45
-110
-11
45
-31
-70
-87
127
-59
55
-75
-46
-5
15
119
125
-16
109
16
-109
-3
44
32
125
121
-58
114
56
-113
49
62
103
120
110
101
-97
-37
-89
-52
-15
127
11
-67
-116
47
-84
68
0
122
-3
9
-93
116
-73
-23
25
60
-126
57
-49
117
-96
33
83
-115
87
-107
51
-124
-85
2
-92
-21
-112
92
-78
-111
86
-17
-51
48
86
40
-121
105
78
127
70
64
-43
-10
-120
-47
78
-89
-9
12
-111
90
3
0
-51
51
-117
85
-95
-88
-121
-95
-116
113
-4
75
105
10
-113
-105
-69
-123
71
-73
16
-32
33
-20
111
37
-84
-67
-83
-14
-34
65
25
36
126
-4
43
112
-78
-88
123
81
-118
-120
54
81
-3
-105
58
38
-91
22
101
76
-86
2
74
-36
89
120
36
-67
-64
69
110
112
88
64
-112
-82
110
-57
-89
-10
101
78
59
69
-107
114
-12
15
9
31
14
42
-114
-29
-53
-123
69
-101
-31
110
-81
10
72
-128
4
8
63
-127
-20
-118
43
-71
-99
-102
-85
9
-38
-103
62
-4
-57
-3
-81
109
101
59
-40
-112
121
81
-104
-78
83
27
-81
-15
3
46
-128
-12
-40
69
87
-112
-114
44
114
39
-91
43
-26
-7
-8
62
-58
-75
75
-21
-77
117
123
-34
-11
-66
-104
-53
-63
25
-61
-9
121
63
-23
-69
-107
117
41
-66
60
-40
102
-42
98
-20
-38
-79
108
126
-23
-5
-99
82
29
-55
71
-115
90
49
93
-4
66
13
14
-24
36
119
54
-93
93
63
-22
77
80
122
102
-108
57
80
75
105
-116
34
-127
16
127
-13
-78
-51
9
50
95
-122
0
-114
73
-13
-76
85
-50
-124
53
126
-71
-18
-85
21
84
30
71
27
3
-2
-72
75
-86
-91
27
-2
70
99
45
-77
5
-37
18
-11
29
-95
106
-61
42
73
-29
98
66
-71
-13
-126
-91
-42
-77
54
126
63
65
-98
-112
-78
-33
-109
25
67
-38
67
86
65
-101
58
-106
27
-40
-114
-112
72
-118
-107
-11
-83
-50
-86
-18
-23
-94
-55
18
-92
-67
125
67
0
50
-113
39
-106
27
43
-43
85
48
-81
-89
118
41
115
19
-71
-89
71
12
-100
90
-119
-29
-70
69
79
123
105
76
27
42
112
127
-83
66
112
125
-90
65
81
73
-87
-98
80
27
73
-10
-121
-75
-91
112
-124
14
-69
113
47
-17
88
31
-31
-125
-86
-95
-2
33
-122
4
-109
-114
-54
89
58
-37
76
-127
10
102
16
2
-97
-40
-112
-23
73
-85
99
-120
40
14
-84
-36
-112
104
-107
55
103
64
22
-76
122
71
124
64
-35
-124
34
90
92
-63
-120
38
-54
-98
60
20
-46
109
92
-45
74
7
-21
-4
-92
63
-78
-104
46
-95
-64
30
105
13
-99
105
13
-47
12
-83
43
9
-101
-117
-93
-44
94
79
-41
20
84
89
-52
-15
11
69
79
13
25
115
-41
-115
0
-77
-71
38
50
114
23
-82
-8
95
-5
121
-49
-120
23
-27
-95
-79
-122
-38
-84
34
1
33
118
-97
120
8
110
103
-82
33
-111
-109
64
89
98
-81
116
-40
-51
1
15
-85
123
-17
18
77
97
45
-29
123
-95
21
-2
-48
71
86
-20
-113
-24
95
104
-61
-62
71
-123
34
-76
-58
-95
-30
-92
-105
3
74
44
34
39
-41
77
-15
86
99
-84
-9
-100
-18
-124
50
125
-56
-35
82
76
31
125
-5
-9
-41
81
-90
7
-67
-111
-26
-72
31
-125
82
-70
109
-59
-81
-125
-21
116
68
-32
-85
78
120
-19
-77
-88
110
-43
80
-12
-125
-17
117
-119
-52
-56
-9
-21
106
119
-53
-72
-116
127
-109
-116
93
-46
16
-122
74
114
14
2
110
2
74
-36
-11
-10
60
-33
-21
68
-92
-43
-1
91
45
-123
-20
-23
-115
54
54
-55
-52
-64
71
-12
62
-127
57
4
79
109
31
61
-103
34
-78
-73
105
-47
-51
42
-31
-25
4
105
55
-13
9
-126
101
100
9
-1
-44
-126
-53
20
-59
44
-21
-28
-108
112
-96
90
52
113
-1
-16
-28
-92
-76
-119
-123
23
-104
-108
-35
-24
62
-22
108
41
70
-61
-100
-29
102
112
-113
16
22
-21
89
-121
65
-101
47
-5
-22
-70
-121
-99
55
89
118
-127
-7
77
90
35
10
69
1
96
-43
-70
-26
25
72
-11
91
110
105
-62
-51
-16
-60
-6
118
-119
29
95
-23
-12
-82
-118
-38
123
97
-85
103
43
-76
-66
-68
-44
57
70
-22
107
-100
104
-122
-117
44
110
62
107
-113
-87
86
-70
56
-125
32
-119
123
-19
-106
-43
-29
10
-63
59
-128
-88
-79
-80
96
69
65
40
83
-103
-68
69
-37
-17
46
-24
-85
122
72
17
-53
4
-97
114
-2
88
-14
81
-101
2
29
88
78
112
-106
93
-79
-80
-107
-39
-20
11
-109
-44
-128
112
-49
-36
121
70
-13
80
-30
79
94
42
-120
58
44
34
-43
36
83
-117
103
10
113
31
-128
70
55
76
57
-65
101
-26
83
83
-123
-53
80
-69
96
-103
-82
-77
-48
-109
-20
90
-89
114
61
-79
-13
-73
109
72
121
47
30
-40
62
-78
81
42
-107
69
43
-83
12
5
-54
-64
-27
-46
-88
-35
62
-15
108
-89
-58
-17
-39
120
108
-53
48
118
-42
-98
-104
-23
90
83
-40
-81
-104
104
-87
-47
3
91
127
-25
-102
-123
109
-25
119
75
-117
-18
-46
-126
64
36
-82
18
6
-46
82
-113
94
-110
-109
113
-71
121
-91
96
-56
59
-37
-9
-79
-67
-2
66
88
-65
-37
-99
124
73
-54
-67
124
16
52
29
-5
73
-36
120
92
17
-69
58
-17
-121
-101
98
-44
34
26
92
105
-44
-32
-122
111
37
99
112
-16
-124
92
12
81
-46
40
98
124
72
45
98
72
49
34
5
0
-111
64
-3
115
-61
67
-92
-81
12
-55
-108
39
71
-71
3
14
-2
-101
-50
29
-84
-79
-21
-97
-61
14
119
-64
121
-20
48
37
13
57
87
44
-64
-63
-88
45
99
31
-65
22
-47
-64
105
81
-63
31
-124
-71
63
-83
-103
-23
-108
120
18
-49
103
1
89
-30
60
23
117
74
-73
21
68
36
-85
-97
57
33
-90
-13
81
8
-19
119
-22
59
-56
75
-65
-62
-62
-127
95
84
-119
-26
-54
-44
-76
48
-117
89
45
77
-64
-95
-68
-12
89
-37
-55
-111
35
-38
71
-72
-55
-84
-5
93
33
-68
-115
126
-7
6
125
-22
79
78
31
-20
-124
92
-122
-32
-107
82
-30
105
-51
60
-96
70
28
-111
86
66
19
41
-37
121
-89
49
10
-105
-64
-84
51
23
82
57
13
-75
-91
-58
79
-68
97
-53
-39
58
-110
15
113
98
-88
-78
126
102
28
-14
119
14
118
102
3
-73
9
76
98
80
3
-96
-83
-18
52
-13
20
1
-2
75
-107
79
-80
-11
-49
90
-107
-93
61
38
-20
-79
46
17
-46
19
-80
19
-77
5
109
-35
-112
55
80
76
-102
-56
76
-127
0
99
-65
126
-38
-52
-6
-81
-65
3
42
-115
-55
26
-73
64
45
86
43
-57
-52
83
-87
124
-79
-113
-107
-109
61
76
43
-120
-64
-10
-91
-110
34
81
-106
-105
-95
48
83
124
56
127
39
-47
74
-93
-84
60
-122
-100
43
59
-28
-54
-124
-40
4
40
105
11
-112
-63
35
-5
3
67
106
88
127
-114
-107
-63
100
26
-96
11
-3
102
-121
-64
-26
120
-37
84
-53
-11
-31
77
126
-35
65
-100
-76
80
-45
-18
-32
-86
-41
68
-15
-46
25
127
-75
87
39
-64
39
65
122
4
19
-76
-95
-71
-45
93
50
-64
-61
-48
-116
-107
44
110
81
14
73
-123
50
-53
-2
12
104
120
-22
1
6
126
-21
-86
4
-34
-22
-77
-5
120
-19
118
-124
93
-12
73
103
24
-96
-80
101
89
-42
23
-65
-80
-73
5
-88
107
86
-93
109
-116
-88
12
78
12
-126
-11
-101
76
-42
-63
104
98
56
69
-31
12
-81
99
-121
70
-119
-13
87
43
50
-76
123
79
-80
74
-50
62
-46
-16
35
59
-113
-23
101
-122
37
58
-22
-96
-28
98
117
-69
91
-70
-22
57
84
-92
-71
73
57
14
-12
105
114
-34
-91
-3
-28
-126
39
81
0
2
-4
-101
-80
-27
31
12
-110
93
-103
-14
-21
-10
117
73
-63
24
-78
23
-105
-102
-24
-71
-5
-97
-110
-49
-87
20
6
-30
107
109
75
38
-110
16
51
-39
5
-99
-48
104
33
81
-97
31
-10
84
48
-50
10
-28
34
-84
57
33
2
102
46
124
45
127
-9
22
-49
18
79
-76
112
-110
46
-99
-60
26
-54
-85
-87
95
-91
31
75
48
38
41
-88
-108
-22
-26
104
112
92
-58
77
-75
22
42
-69
47
51
91
-61
77
12
-38
22
1
-102
106
27
-21
94
-103
107
112
82
-127
8
-22
-90
53
44
114
125
-80
-36
27
36
122
-49
42
-64
53
11
78
-111
99
6
11
-56
-58
33
7
69
-98
105
121
24
86
-105
-39
15
7
-100
13
-66
-69
16
-113
-87
-108
-90
86
25
-48
57
-3
100
-83
29
107
118
62
-76
-16
-84
13
65
-91
-91
62
17
-34
-5
-16
-31
-73
118
103
33
71
99
22
102
84
11
-115
106
78
88
109
-56
-67
-63
-54
6
9
-29
120
81
62
-15
34
79
-106
38
-53
-20
124
-100
-79
9
-50
-44
-77
-63
-118
-36
26
-68
1
-61
-100
-24
61
25
36
107
-96
-32
-12
-34
82
-109
-115
96
-37
54
-98
-6
2
-15
50
-41
77
-5
120
-32
108
21
9
-14
97
-47
-72
51
101
119
10
-61
43
-8
97
97
38
-74
-77
-51
15
-76
69
-69
95
7
43
-69
78
23
31
96
34
47
91
117
18
-75
123
-96
-25
-7
67
99
56
-84
66
-44
-54
-85
86
-41
33
108
98
120
-107
-45
36
109
86
-40
36
-52
-12
-24
-62
-111
-30
-82
95
-81
-54
15
-119
-17
127
111
60
24
73
-76
-118
-122
115
-45
60
75
-71
68
120
120
-86
-39
62
-3
47
4
-100
66
102
49
-84
-33
119
47
-35
80
-114
90
-57
-42
-78
24
26
-68
79
119
106
3
-71
-50
-18
-43
-6
-8
10
42
-55
72
64
-3
94
121
-60
-6
116
-111
-36
-87
-115
98
-118
-89
-24
116
-91
40
3
106
-74
90
33
-72
10
-76
98
-32
89
63
58
38
118
-91
13
-84
-109
-98
69
93
-51
-86
-1
-62
-44
38
-6
-52
-24
-34
109
29
50
55
-40
31
51
-73
126
-57
-110
107
76
92
-21
-63
-33
117
76
53
-58
-45
-16
-109
-47
8
-17
61
46
31
20
-101
109
-89
-12
-125
-102
81
-41
73
28
-88
77
-21
-111
97
-52
-126
-54
-41
78
25
-116
-85
-71
-117
112
-13
-8
-74
-110
42
-88
122
-25
56
-41
-57
104
26
14
121
-105
-78
-82
-119
22
87
-8
87
116
-53
68
-121
39
53
94
64
-23
60
-38
-51
-86
88
-126
119
6
27
62
-59
-48
120
122
12
-40
124
30
-105
107
95
69
-42
109
-54
-78
-1
106
-95
-83
81
10
-38
-46
29
51
-104
122
-65
103
96
47
-84
70
84
-128
-104
46
91
-43
-79
-103
-67
15
-93
-41
45
72
120
125
56
-89
-43
110
55
-122
-57
125
-21
105
-106
57
-64
6
-78
-74
-38
-31
25
88
10
47
-119
75
44
94
124
112
41
-66
12
9
-82
37
13
46
-43
30
-20
29
73
108
-94
-72
42
-44
-27
71
116
-3
67
102
18
-3
4
-106
59
-93
1
98
-100
-67
51
-48
-24
84
-66
-43
-124
-101
-87
-46
-5
-32
-66
-24
27
105
116
-85
-107
-122
-28
65
1
-102
-89
67
-42
-96
-105
88
49
102
89
31
-121
81
-54
-64
43
100
-102
-10
97
123
17
123
-62
-36
12
-120
6
-22
63
51
108
55
-98
119
36
-8
89
-53
36
-114
66
32
116
48
-103
102
-77
21
93
64
-15
8
120
68
28
-76
43
27
107
114
-14
29
-31
122
-41
-124
-90
37
114
-73
45
-90
-44
-102
-32
72
115
93
-39
79
-43
110
113
89
36
-76
-71
59
7
-30
-17
-122
71
-111
5
112
60
86
-120
64
-32
-74
16
-95
-58
15
25
5
22
15
-25
38
-26
60
-58
-125
-47
-103
5
72
50
111
39
81
-50
-107
90
115
-66
-83
33
117
30
-45
-84
-27
-44
1
94
-92
115
36
-10
-118
113
-84
-28
-4
-8
-56
-68
59
-88
-99
62
-70
-91
16
-44
-73
96
-12
124
-100
-19
-17
8
105
109
-90
12
79
46
-50
2
-39
105
42
-95
-50
-42
-59
80
56
117
119
-67
27
-45
15
15
50
0
-36
58
83
0
-2
21
-93
-74
-55
-39
-1
123
98
-6
74
60
-35
66
-30
98
78
-11
59
34
47
-122
42
-72
-31
78
85
-90
-45
39
65
-24
37
-17
45
127
-124
3
79
109
-7
-10
-41
26
-117
-29
-34
108
-32
127
124
-104
-93
91
-85
-117
-39
35
122
47
-128
14
80
-78
-20
-92
109
-110
40
48
76
71
-61
100
42
-66
-7
-104
-72
-2
-20
-88
-112
50
-39
-14
16
117
50
-65
-14
11
-42
-98
-26
-121
-125
0
31
36
80
50
106
26
68
-112
77
36
0
45
18
-61
-59
89
22
-65
-28
-67
-37
-93
112
-92
-15
119
-93
47
-87
-60
-3
-1
54
110
-39
-18
-100
-101
6
66
7
-84
-16
-74
-35
-97
64
72
55
