160
181
87
221
20
167
158
90
227
196
206
159
61
6
50
1
141
34
98
116
176
160
116
68
251
25
131
16
32
41
146
229
95
71
244
35
4
52
128
158
230
38
223
228
206
145
238
29
18
164
113
197
25
26
54
35
187
228
149
174
250
228
7
29
224
214
88
237
148
121
115
131
142
89
0
129
212
239
67
145
127
19
238
181
100
63
111
181
134
77
184
149
39
21
184
152
69
6
57
80
172
201
113
13
173
116
107
208
12
212
157
219
230
117
36
5
121
255
196
136
132
89
20
246
181
144
253
242
137
43
76
226
94
124
62
80
11
69
98
123
227
177
166
251
171
74
123
192
107
79
205
89
69
116
167
2
171
81
97
56
219
92
231
2
236
7
121
68
234
120
231
135
13
64
234
217
64
140
226
17
2
55
57
119
157
91
162
138
149
35
161
64
179
167
152
236
235
130
239
211
102
192
242
252
6
190
48
242
115
73
103
142
220
177
148
177
69
219
237
181
57
59
160
67
56
136
70
185
126
179
112
25
166
30
90
115
58
181
246
112
11
237
89
21
49
111
199
251
201
88
70
221
46
99
51
36
149
0
204
169
79
58
60
202
76
50
225
139
254
20
225
165
115
225
171
4
59
222
53
0
89
8
92
254
114
236
235
182
243
203
90
118
118
208
0
229
240
181
117
114
255
74
33
58
97
234
183
70
98
225
26
127
95
83
28
212
118
205
43
102
199
197
40
8
13
67
136
124
31
116
17
159
64
138
80
230
136
85
116
10
24
214
217
1
143
92
160
85
254
51
28
71
15
75
132
78
69
245
212
150
205
21
152
25
71
51
112
134
203
53
103
5
189
121
82
95
53
10
239
146
219
157
229
86
143
247
178
160
246
241
103
116
139
210
118
168
196
49
7
77
27
18
44
63
214
173
89
147
127
158
253
93
129
219
119
59
44
108
247
108
169
25
17
89
62
145
160
64
212
131
157
193
187
47
21
243
178
226
201
50
71
93
83
18
117
173
97
58
41
255
69
183
53
82
123
143
247
253
112
237
144
19
125
172
160
253
249
70
242
184
15
177
190
231
248
238
229
31
91
39
76
113
255
139
61
12
175
44
196
128
250
125
137
35
244
55
105
153
188
2
185
79
245
32
161
211
13
215
21
179
4
43
130
36
107
16
220
50
17
214
111
77
176
214
168
7
233
206
255
198
192
85
118
8
81
206
39
119
140
17
218
131
128
77
179
11
213
33
40
7
33
12
241
124
203
233
138
15
23
59
5
199
55
144
96
161
108
239
165
44
61
45
114
94
193
153
164
254
124
171
240
50
40
251
209
10
8
182
209
125
23
186
166
37
150
229
204
42
130
202
92
217
248
164
61
64
197
238
240
216
192
16
46
238
71
39
118
229
206
187
197
21
242
116
143
137
159
142
170
14
99
75
5
197
27
97
238
47
138
200
0
132
136
191
1
108
10
171
57
29
26
43
137
90
25
190
124
71
125
47
237
229
187
88
16
249
209
24
50
211
155
47
113
131
174
0
116
88
197
215
16
14
172
242
167
37
171
102
121
120
190
70
53
203
107
51
245
251
94
117
62
24
75
65
153
67
119
249
191
105
59
21
245
169
62
188
88
230
86
226
108
90
49
236
254
105
123
29
210
157
73
199
13
218
177
221
124
194
141
142
104
164
247
182
35
221
191
106
205
208
250
230
20
185
208
203
233
12
162
1
144
255
115
50
77
137
178
223
6
128
14
201
115
52
213
78
4
181
254
57
110
43
149
212
158
199
155
131
126
56
203
42
37
155
126
198
227
173
51
133
91
146
117
157
33
234
67
170
201
99
226
194
57
115
2
37
86
51
182
254
191
193
30
16
50
95
19
153
195
90
195
214
193
27
186
22
155
88
14
16
200
10
21
117
45
78
42
110
105
34
73
146
36
61
253
195
128
178
15
167
22
155
171
85
213
176
47
39
246
169
243
147
57
39
199
140
28
218
9
99
58
197
207
251
233
204
155
170
240
255
45
194
240
253
38
193
209
201
41
30
208
155
201
118
7
53
37
240
4
142
59
241
175
111
216
159
97
3
42
33
126
161
6
132
19
14
74
217
186
91
204
1
138
230
144
130
31
88
16
105
201
43
227
8
168
142
44
92
16
232
21
183
231
192
150
52
250
199
252
192
93
4
162
218
220
65
8
166
74
30
188
148
82
237
220
83
202
135
107
124
36
191
50
24
174
33
64
158
233
141
29
233
141
81
140
45
171
137
27
11
35
84
222
207
87
148
212
217
76
113
139
197
207
141
153
243
87
13
128
51
57
166
178
242
151
46
120
223
123
249
79
8
151
101
33
49
6
90
44
162
129
161
246
31
248
136
238
231
46
161
17
19
192
217
226
47
244
88
77
129
143
43
251
111
146
205
225
173
99
251
33
149
126
80
199
214
108
15
104
223
232
67
66
199
5
162
52
70
33
98
36
23
131
202
172
162
167
87
205
113
214
227
44
119
28
110
4
178
253
72
93
210
204
159
253
123
119
87
209
38
135
61
17
102
56
159
3
210
58
237
69
47
3
107
244
196
96
43
206
248
109
51
40
238
85
208
116
3
111
245
9
76
72
119
107
234
247
75
56
12
255
19
12
221
82
144
6
202
242
142
130
238
130
202
92
117
118
188
95
107
196
36
85
127
219
173
5
108
105
13
182
182
73
76
64
199
116
190
1
185
132
207
237
159
189
25
162
50
55
233
81
77
170
97
103
132
233
183
115
137
2
229
228
137
127
84
2
75
148
69
172
107
100
20
240
32
218
180
241
127
112
100
36
52
9
5
151
24
20
93
104
190
106
236
169
198
67
28
99
230
240
15
144
150
107
217
7
193
27
175
123
106
58
7
29
183
217
246
1
121
205
218
163
138
197
129
224
85
58
102
153
200
117
219
238
233
66
77
112
68
122
246
9
157
223
105
116
46
10
90
251
225
43
231
171
52
62
60
84
185
198
106
235
28
232
6
11
172
238
190
235
15
41
214
58
184
3
160
9
251
109
22
85
99
138
65
187
0
40
49
48
224
197
193
168
211
25
60
197
91
111
174
104
43
250
200
145
75
132
31
242
126
216
114
209
27
130
157
216
206
240
22
221
49
48
21
89
108
139
19
84
0
240
79
92
249
198
115
208
98
207
222
170
8
186
172
162
85
164
211
11
231
138
241
159
0
198
183
204
185
63
229
102
211
211
5
75
208
59
224
25
46
51
80
19
108
218
39
242
189
49
115
55
237
200
249
175
158
88
190
50
209
170
21
197
171
45
140
133
74
64
101
82
40
93
190
113
236
39
70
111
89
248
236
75
176
246
86
30
24
105
218
211
88
47
24
232
41
81
131
219
255
103
26
5
237
103
247
203
11
110
82
2
192
164
46
146
134
82
210
15
222
18
19
241
57
249
37
224
72
187
91
119
49
61
126
194
216
63
91
29
252
201
74
61
252
144
180
157
123
201
92
248
220
145
59
186
111
7
27
226
84
162
154
220
233
84
96
6
239
165
227
240
112
4
220
140
209
82
168
226
252
200
173
226
200
177
162
133
128
17
192
125
243
67
195
36
47
140
73
20
167
199
57
131
142
126
27
78
157
44
49
107
31
67
142
247
64
249
108
176
165
141
185
215
172
64
65
40
173
227
159
63
150
81
64
233
209
65
159
4
57
191
45
25
105
20
248
146
79
231
129
217
98
188
151
245
202
55
149
196
164
43
31
185
161
38
115
209
136
109
247
106
187
72
203
63
66
66
1
223
212
9
102
74
84
52
176
11
217
173
205
64
33
60
116
217
91
73
17
163
90
199
56
73
44
123
221
161
60
13
254
121
134
253
106
207
206
159
108
4
220
6
96
21
210
98
233
77
188
32
198
156
17
214
194
147
169
91
249
39
177
138
23
64
44
179
151
210
185
141
53
37
70
207
60
225
75
89
186
18
143
241
226
40
50
254
230
156
114
247
142
246
230
131
55
137
204
226
208
131
32
45
110
180
115
148
129
126
203
21
207
48
117
79
218
21
35
189
166
108
49
174
145
82
147
48
147
51
133
237
93
16
183
208
204
26
72
204
1
128
227
63
254
90
76
122
47
63
131
170
13
73
154
55
192
173
214
171
71
76
211
41
252
49
15
21
19
189
204
171
8
64
118
37
18
162
209
22
23
33
176
211
252
184
255
167
81
202
35
44
188
6
28
171
187
100
74
4
88
132
168
233
139
16
65
163
123
131
195
234
216
255
14
21
65
228
154
32
139
125
230
7
64
102
248
91
212
75
117
97
205
254
93
193
28
52
208
83
110
96
42
87
196
113
82
153
255
53
215
167
64
167
193
250
132
147
52
33
57
83
221
178
64
67
80
12
21
172
238
209
142
201
5
178
75
126
140
232
248
106
129
134
254
107
42
132
94
106
51
123
248
109
246
4
221
116
201
231
152
32
48
229
217
86
151
63
48
55
133
40
235
214
35
237
12
40
140
206
140
2
117
27
204
86
65
232
226
184
197
97
140
47
227
7
198
9
115
215
171
178
52
251
207
48
202
78
190
82
112
163
187
15
105
229
6
165
186
106
32
100
226
245
59
219
58
106
185
212
36
57
201
185
142
116
233
242
94
37
125
100
2
167
209
128
130
124
27
48
101
159
140
18
221
25
114
107
118
245
201
65
152
50
151
23
26
104
57
123
31
18
79
41
148
134
98
235
237
203
166
18
144
179
89
133
29
80
232
161
209
31
159
118
212
176
78
138
100
162
44
185
161
130
230
174
252
173
255
119
150
79
146
207
52
240
18
174
29
68
154
74
43
41
223
37
159
203
176
166
169
40
20
106
102
232
240
220
70
205
53
150
170
59
175
179
219
67
205
140
90
150
129
26
234
155
107
222
25
235
240
210
1
136
106
38
181
172
242
253
48
92
155
164
250
79
170
64
181
139
206
17
227
134
139
72
70
161
135
197
30
233
249
152
214
23
89
143
135
28
141
62
59
144
15
41
20
38
214
153
80
185
125
228
45
157
235
246
190
52
112
44
141
193
37
37
190
145
94
123
112
97
55
246
231
161
199
227
150
230
212
139
13
234
206
216
237
72
61
65
74
134
137
99
248
209
190
113
162
207
22
166
75
108
252
28
49
137
78
84
51
65
10
92
154
60
129
67
28
104
189
153
164
235
32
96
116
94
210
19
13
224
91
182
30
122
130
113
178
87
205
123
248
96
236
149
137
114
225
81
56
179
229
247
138
67
171
120
225
225
166
54
51
77
143
52
197
59
223
135
171
59
206
151
159
224
162
175
219
245
146
53
251
32
103
121
195
227
184
44
194
84
74
43
214
87
161
236
226
248
21
83
164
237
214
88
164
76
116
104
66
17
98
46
223
47
74
143
9
111
255
239
188
152
201
52
10
6
243
83
188
203
57
196
248
248
42
89
190
125
175
132
28
194
230
177
44
95
247
175
93
208
14
218
71
86
50
152
154
60
207
247
234
131
57
78
110
85
122
120
138
170
73
200
192
125
222
249
68
122
244
17
92
41
13
226
10
39
104
244
37
168
131
234
54
218
161
56
138
52
226
96
217
191
186
166
246
37
141
44
19
30
197
221
77
42
127
66
84
166
122
76
104
94
237
157
178
183
88
159
179
55
254
71
18
235
204
220
107
65
95
245
204
181
70
83
112
19
81
136
111
189
174
159
148
27
237
39
116
3
26
209
87
201
156
40
205
107
17
225
76
2
74
87
206
153
12
43
57
11
240
115
120
54
18
170
40
250
103
184
87
71
232
154
142
249
23
50
46
9
150
215
120
215
244
75
196
7
167
181
222
192
105
188
90
77
42
216
2
247
134
155
190
69
80
248
250
140
88
252
158
23
235
223
197
86
237
74
50
127
234
33
45
209
138
90
82
157
179
24
250
63
231
224
175
44
198
212
0
24
174
219
85
49
25
61
143
35
87
173
200
248
253
184
39
85
238
183
6
71
253
107
233
22
185
64
134
50
54
90
97
153
216
138
175
9
203
172
222
252
240
169
62
140
137
46
165
141
174
85
158
108
157
201
236
34
56
170
84
101
199
244
125
195
230
146
125
132
22
187
35
129
226
28
61
179
80
104
212
62
85
4
27
41
82
123
96
62
104
155
233
244
43
21
6
100
193
129
26
39
195
86
32
23
216
177
230
217
159
7
209
74
64
171
228
26
118
225
251
145
251
66
92
140
8
134
106
191
179
236
183
30
247
164
120
217
75
164
14
194
160
244
176
25
230
51
149
221
192
113
136
248
196
156
52
171
155
235
242
114
157
97
250
87
4
38
165
242
55
173
38
84
26
96
200
243
221
89
207
85
238
241
217
164
52
57
187
135
98
111
6
199
17
133
240
188
214
8
192
96
54
144
33
70
143
153
133
150
143
103
166
102
188
70
3
81
25
133
200
178
239
167
209
78
21
218
243
62
45
161
245
158
83
44
101
84
129
222
36
243
164
118
10
241
44
100
124
120
72
60
187
40
29
190
58
37
144
84
55
224
116
252
28
109
111
136
233
237
38
140
207
174
78
130
89
233
170
33
78
86
69
208
184
245
247
61
155
83
143
143
178
128
92
186
211
128
126
149
35
54
73
89
127
251
226
122
202
188
93
194
98
226
206
117
187
162
175
6
170
56
97
206
213
38
83
167
193
104
165
111
173
255
4
131
207
237
121
118
87
154
11
99
94
236
96
255
252
24
35
219
43
11
89
163
250
175
0
142
208
50
108
36
237
18
168
176
204
199
67
228
170
62
121
24
56
126
108
40
16
178
89
114
144
245
178
63
114
139
86
30
102
7
3
128
159
164
208
178
234
154
196
16
205
164
128
173
146
67
69
217
150
63
100
61
91
35
240
36
113
247
35
175
41
68
125
127
182
238
89
110
28
27
134
194
135
44
112
54
93
31
192
200
183
