249
9
0
0
78
183
109
77
38
0
6
14
0
0
38
176
145
80
40
0
239
1
0
0
147
11
164
107
39
0
102
254
255
255
69
82
98
112
41
0
189
17
0
0
135
195
248
76
39
0
91
11
0
0
43
243
181
83
39
0
20
15
0
0
119
195
10
117
40
0
68
24
0
0
219
81
106
127
40
0
106
30
0
0
124
103
198
123
41
0
25
58
0
0
110
111
108
105
41
0
191
14
0
0
248
35
40
70
39
0
185
88
255
255
130
192
161
89
42
0
51
4
0
0
90
153
251
80
38
0
110
56
0
0
174
193
244
124
41
0
50
255
255
255
171
42
127
80
40
0
200
15
0
0
229
224
204
83
39
0
1
0
0
0
0
0
0
0
0
0
0
0
0
0
58
54
0
176
65
226
206
1
2
45
58
44
40
0
97
130
158
8
29
243
0
0
0
0
0
0
27
18
197
0
0
0
0
0
0
253
2
0
0
0
0
0
234
242
251
0
0
0
0
0
253
254
8
0
0
0
0
0
254
2
247
0
0
0
0
0
61
248
200
0
0
0
0
0
220
2
250
0
0
0
0
0
0
0
0
0
0
0
0
0
0
0
0
0
0
0
0
0
0
0
0
0
0
0
0
0
0
0
0
0
0
0
0
0
0
0
0
0
0
0
0
0
0
0
0
0
0
0
0
0
0
0
0
0
0
0
0
0
0
0
0
0
0
0
0
0
248
251
254
0
0
0
0
0
255
22
4
0
0
0
0
0
6
251
1
0
0
0
0
0
9
15
255
0
0
0
0
0
4
252
8
0
0
0
0
0
252
6
2
0
0
0
0
0
127
248
145
0
0
0
0
0
252
24
26
0
0
0
0
0
0
0
0
0
0
0
0
0
0
0
0
0
0
0
0
0
0
0
0
0
0
0
0
0
0
0
0
0
0
0
0
0
0
0
0
0
0
0
0
0
0
0
0
0
0
0
0
0
0
0
0
0
0
0
0
0
0
0
0
0
0
0
0
0
232
27
5
0
0
0
0
0
14
8
216
0
0
0
0
0
2
250
3
0
0
0
0
0
24
13
2
0
0
0
0
0
240
252
2
0
0
0
0
0
10
254
15
0
0
0
0
0
90
226
171
0
0
0
0
0
249
0
248
0
0
0
0
0
0
0
0
0
0
0
0
0
0
0
0
0
0
0
0
0
0
0
0
0
0
0
0
0
0
0
0
0
0
0
0
0
0
0
0
0
0
0
0
0
0
0
0
0
0
0
0
0
0
0
0
0
0
0
0
0
0
0
0
0
0
0
0
0
184
42
38
0
0
0
0
0
209
248
60
0
0
0
0
0
243
7
3
0
0
0
0
0
223
211
233
0
0
0
0
0
6
3
255
0
0
0
0
0
212
129
205
0
0
0
0
0
7
20
0
0
0
0
0
0
15
252
223
0
0
0
0
0
0
0
0
0
0
0
0
0
0
0
0
0
0
0
0
0
0
0
0
0
0
0
0
0
0
0
0
0
0
0
0
0
0
0
0
0
0
0
0
0
0
0
0
0
0
0
0
0
0
0
0
0
0
0
0
0
0
0
0
0
0
0
0
0
207
248
51
0
0
0
0
0
139
231
127
0
0
0
0
0
0
127
138
0
0
0
0
0
235
252
223
0
0
0
0
0
208
144
129
0
0
0
0
0
56
67
77
0
0
0
0
0
3
5
242
0
0
0
0
0
103
127
104
0
0
0
0
0
0
0
0
0
0
0
0
0
0
0
0
0
0
0
0
0
0
0
0
0
0
0
0
0
0
0
0
0
0
0
0
0
0
0
0
0
0
0
0
0
0
0
0
0
0
0
0
0
0
0
0
0
0
0
0
0
0
0
0
0
0
0
0
0
127
205
175
0
0
0
0
0
21
38
235
0
0
0
0
0
245
10
255
0
0
0
0
0
0
6
36
0
0
0
0
0
72
116
104
0
0
0
0
0
252
13
244
0
0
0
0
0
245
232
17
0
0
0
0
0
171
148
144
0
0
0
0
0
0
0
0
0
0
0
0
0
0
0
0
0
0
0
0
0
0
0
0
0
0
0
0
0
0
0
0
0
0
0
0
0
0
0
0
0
0
0
0
0
0
0
0
0
0
0
0
0
0
0
0
0
0
0
0
0
0
0
0
0
0
0
0
0
39
219
252
0
0
0
0
0
217
82
185
0
0
0
0
0
8
251
254
0
0
0
0
0
80
99
97
0
0
0
0
0
28
43
49
0
0
0
0
0
249
3
247
0
0
0
0
0
182
20
53
0
0
0
0
0
47
60
30
0
0
0
0
0
0
0
0
0
0
0
0
0
0
0
0
0
0
0
0
0
0
0
0
0
0
0
0
0
0
0
0
0
0
0
0
0
0
0
0
0
0
0
0
0
0
0
0
0
0
0
0
0
0
0
0
0
0
0
0
0
0
0
0
0
0
0
0
0
232
22
7
0
0
0
0
0
132
33
105
0
0
0
0
0
228
69
206
0
0
0
0
0
54
59
18
0
0
0
0
0
210
215
214
0
0
0
0
0
195
218
224
0
0
0
0
0
154
40
106
0
0
0
0
0
202
185
249
0
0
0
0
0
0
0
0
0
0
0
0
0
0
0
0
0
0
0
0
0
0
0
0
0
0
0
0
0
0
0
0
0
0
0
0
0
0
0
0
0
0
0
0
0
0
0
0
0
0
0
0
0
0
0
0
0
0
0
0
0
0
0
0
0
0
0
0
0
232
29
245
0
0
0
0
0
192
24
20
0
0
0
0
0
4
252
7
0
0
0
0
0
162
129
163
0
0
0
0
0
4
255
253
0
0
0
0
0
72
44
48
0
0
0
0
0
137
17
72
0
0
0
0
0
15
237
247
0
0
0
0
0
0
0
0
0
0
0
0
0
0
0
0
0
0
0
0
0
0
0
0
0
0
0
0
0
0
0
0
0
0
0
0
0
0
0
0
0
0
0
0
0
0
0
0
0
0
0
0
0
0
0
0
0
0
0
0
0
0
0
0
0
0
0
0
0
0
0
0
0
0
0
0
0
0
0
0
0
0
0
0
0
0
0
0
0
0
0
0
0
0
0
0
0
0
0
0
0
0
0
0
0
0
0
0
0
0
0
0
0
0
0
0
0
0
0
0
0
0
0
0
0
0
0
0
0
0
0
0
0
0
0
0
0
0
0
0
0
0
0
0
0
0
0
0
0
0
0
0
0
0
0
0
0
0
0
0
0
0
0
0
0
0
0
0
0
0
0
0
0
0
0
0
0
0
0
0
0
0
0
0
0
0
0
0
0
0
0
0
0
0
0
0
0
245
248
243
0
0
0
0
0
34
70
91
0
0
0
0
0
251
252
2
0
0
0
0
0
18
8
8
0
0
0
0
0
250
1
0
0
0
0
0
0
13
54
237
0
0
0
0
0
9
239
250
0
0
0
0
0
28
231
235
0
0
0
0
0
0
0
0
0
0
0
0
0
0
0
0
0
0
0
0
0
0
0
0
0
0
0
0
0
0
0
0
0
0
0
0
0
0
0
0
0
0
0
0
0
0
0
0
0
0
0
0
0
0
0
0
0
0
0
0
0
0
0
0
0
0
0
0
0
209
6
216
0
0
0
0
0
111
97
108
0
0
0
0
0
239
3
2
0
0
0
0
0
87
96
92
0
0
0
0
0
25
232
0
0
0
0
0
0
194
203
8
0
0
0
0
0
236
237
246
0
0
0
0
0
12
247
21
0
0
0
0
0
0
0
0
0
0
0
0
0
0
0
0
0
0
0
0
0
0
0
0
0
0
0
0
0
0
0
0
0
0
0
0
0
0
0
0
0
0
0
0
0
0
0
0
0
0
0
0
0
0
0
0
0
0
0
0
0
0
0
0
0
0
0
0
0
225
6
190
0
0
0
0
0
50
49
30
0
0
0
0
0
34
42
34
0
0
0
0
0
152
194
250
0
0
0
0
0
245
6
6
0
0
0
0
0
129
143
240
0
0
0
0
0
4
241
10
0
0
0
0
0
12
243
240
0
0
0
0
0
0
0
0
0
0
0
0
0
0
0
0
0
0
0
0
0
0
0
0
0
0
0
0
0
0
0
0
0
0
0
0
0
0
0
0
0
0
0
0
0
0
0
0
0
0
0
0
0
0
0
0
0
0
0
0
0
0
0
0
0
0
0
0
0
241
1
234
0
0
0
0
0
16
228
200
0
0
0
0
0
76
33
13
0
0
0
0
0
249
254
233
0
0
0
0
0
1
243
13
0
0
0
0
0
25
12
106
0
0
0
0
0
127
114
111
0
0
0
0
0
4
242
32
0
0
0
0
0
0
0
0
0
0
0
0
0
0
0
0
0
0
0
0
0
0
0
0
0
0
0
0
0
0
0
0
0
0
0
0
0
0
0
0
0
0
0
0
0
0
0
0
0
0
0
0
0
0
0
0
0
0
0
0
0
0
0
0
0
0
0
0
0
186
229
219
0
0
0
0
0
166
129
168
0
0
0
0
0
129
134
205
0
0
0
0
0
115
127
84
0
0
0
0
0
127
169
223
0
0
0
0
0
77
96
110
0
0
0
0
0
231
18
22
0
0
0
0
0
165
197
127
0
0
0
0
0
0
0
0
0
0
0
0
0
0
0
0
0
0
0
0
0
0
0
0
0
0
0
0
0
0
0
0
0
0
0
0
0
0
0
0
0
0
0
0
0
0
0
0
0
0
0
0
0
0
0
0
0
0
0
0
0
0
0
0
0
0
0
0
0
225
227
200
0
0
0
0
0
212
222
228
0
0
0
0
0
1
9
3
0
0
0
0
0
45
30
52
0
0
0
0
0
232
11
10
0
0
0
0
0
35
29
182
0
0
0
0
0
173
158
144
0
0
0
0
0
252
239
36
0
0
0
0
0
0
0
0
0
0
0
0
0
0
0
0
0
0
0
0
0
0
0
0
0
0
0
0
0
0
0
0
0
0
0
0
0
0
0
0
0
0
0
0
0
0
0
0
0
0
0
0
0
0
0
0
0
0
0
0
0
0
0
0
0
0
0
0
0
58
240
38
0
0
0
0
0
234
10
222
0
0
0
0
0
250
9
254
0
0
0
0
0
223
145
242
0
0
0
0
0
251
13
245
0
0
0
0
0
235
8
206
0
0
0
0
0
6
7
246
0
0
0
0
0
32
217
13
0
0
0
0
0
0
0
0
0
0
0
0
0
0
0
0
0
0
0
0
0
0
0
0
0
0
0
0
0
0
0
0
0
0
0
0
0
0
0
0
0
0
0
0
0
0
0
0
0
0
0
0
0
0
0
0
0
0
0
0
0
0
0
0
0
0
0
0
0
91
62
127
0
0
0
0
0
216
231
2
0
0
0
0
0
222
224
11
0
0
0
0
0
56
3
28
0
0
0
0
0
236
7
16
0
0
0
0
0
35
12
224
0
0
0
0
0
236
251
241
0
0
0
0
0
12
208
32
0
0
0
0
0
0
0
0
0
0
0
0
0
0
0
0
0
0
0
0
0
0
0
0
0
0
0
0
0
0
0
0
0
0
0
0
0
0
0
0
0
0
0
0
0
0
0
0
0
0
0
0
0
0
0
0
0
0
0
0
0
0
0
0
0
0
0
0
0
44
20
65
0
0
0
0
0
228
235
243
0
0
0
0
0
81
49
1
0
0
0
0
0
203
158
183
0
0
0
0
0
246
8
255
0
0
0
0
0
238
229
218
0
0
0
0
0
7
6
7
0
0
0
0
0
36
239
227
0
0
0
0
0
0
0
0
0
0
0
0
0
0
0
0
0
0
0
0
0
0
0
0
0
0
0
0
0
0
0
0
0
0
0
0
0
0
0
0
0
0
0
0
0
0
0
0
0
0
0
0
0
0
0
0
0
0
0
0
0
0
0
0
0
0
0
0
0
0
0
0
0
0
0
0
0
0
0
0
0
0
0
0
0
0
0
0
0
0
0
0
0
0
0
0
0
0
0
0
0
0
0
0
0
0
0
0
0
0
0
0
0
0
0
0
0
0
0
0
0
0
0
0
0
0
0
0
0
0
0
0
0
0
0
0
0
0
0
0
0
0
0
0
0
0
0
0
0
0
0
0
0
0
0
0
0
0
0
0
0
0
0
0
0
0
0
0
0
0
0
0
0
0
0
0
0
0
0
0
0
0
0
0
0
0
0
0
0
0
0
0
0
0
0
0
0
182
12
0
0
20
16
98
64
38
0
44
8
0
0
44
32
107
66
37
0
162
16
0
0
13
135
158
100
39
0
82
21
0
0
202
117
146
64
38
0
104
10
0
0
163
25
66
83
38
0
242
253
255
255
144
163
69
72
39
0
164
20
0
0
62
193
3
102
39
0
217
34
0
0
202
171
128
65
39
0
51
3
0
0
245
222
191
83
38
0
180
8
0
0
13
23
161
105
39
0
241
8
0
0
235
172
138
124
39
0
221
42
0
0
52
154
156
79
39
0
176
0
0
0
158
226
27
69
38
0
222
4
0
0
161
72
169
89
38
0
134
6
0
0
241
25
3
80
39
0
124
8
0
0
11
30
162
105
38
0
1
0
0
0
0
0
0
0
0
0
0
0
0
0
22
134
200
120
65
193
192
2
8
29
188
28
144
0
64
4
9
16
11
223
25
233
10
3
251
8
242
47
253
9
0
17
18
16
1
227
13
238
48
47
15
228
217
218
203
249
255
0
221
248
238
232
138
54
13
214
19
11
252
49
0
218
252
1
33
237
254
207
227
22
33
48
10
15
3
22
200
26
246
235
252
228
233
0
20
1
12
33
17
223
255
2
11
231
21
4
230
255
44
217
37
31
251
202
2
246
2
3
242
238
24
243
236
33
11
5
18
5
4
31
238
45
19
22
190
248
168
237
42
230
2
31
16
218
163
234
10
216
67
229
205
251
1
15
6
16
232
233
214
195
0
237
249
254
253
227
253
0
249
250
255
11
232
232
242
208
246
170
5
16
19
245
146
233
243
16
216
15
15
10
42
32
5
235
232
225
11
57
234
69
68
4
249
45
224
169
7
19
240
251
216
239
252
33
243
243
5
205
248
28
227
11
223
219
252
214
253
246
246
249
253
0
222
0
244
3
74
45
27
229
212
0
212
9
248
4
1
241
91
18
19
60
240
1
243
254
249
236
236
247
243
3
12
237
17
254
242
227
234
237
40
238
204
19
204
40
248
29
224
2
241
17
248
18
241
35
205
228
4
253
255
241
253
223
244
250
6
2
244
16
1
0
6
34
43
22
4
255
255
236
205
19
242
5
0
242
2
28
127
254
14
246
0
16
25
215
211
254
61
251
31
244
234
151
253
127
13
250
156
247
0
243
245
224
226
11
1
246
252
228
7
247
14
5
1
25
11
255
254
8
3
252
1
1
250
233
225
12
1
30
5
255
20
251
247
255
75
243
254
72
0
238
250
14
234
253
243
190
15
253
25
4
212
32
214
244
205
222
249
243
220
240
38
52
24
26
252
17
249
34
236
3
17
77
129
235
10
7
220
40
8
240
248
248
2
4
242
242
7
225
240
22
1
0
235
27
12
26
2
17
242
10
5
5
254
251
95
3
7
245
6
39
135
201
244
241
127
8
56
167
215
166
54
17
10
211
240
29
26
255
43
8
214
208
19
214
242
242
27
34
14
8
253
65
239
255
5
12
255
4
246
234
182
16
46
7
1
233
15
247
2
4
249
23
253
241
11
18
41
248
0
6
208
245
235
204
221
41
255
33
56
9
188
4
41
63
249
14
95
0
78
37
1
228
251
5
180
223
186
22
39
221
53
254
246
246
240
7
129
211
25
246
11
252
14
230
213
237
235
237
252
196
33
46
43
14
228
253
26
229
247
233
31
12
6
9
255
234
245
0
47
97
243
217
58
39
225
1
152
183
85
226
233
21
231
0
232
37
95
4
61
38
237
243
224
240
195
15
221
211
250
248
0
251
255
11
96
238
18
236
116
142
21
253
255
34
228
36
245
240
246
15
7
13
196
243
243
225
232
245
222
232
7
253
17
1
40
22
169
43
102
69
245
36
42
14
115
57
193
29
224
205
61
13
86
213
6
15
15
204
66
17
4
3
233
2
221
61
243
6
249
16
17
252
18
29
246
210
5
9
32
247
3
0
208
243
7
12
5
30
30
222
156
251
240
45
253
17
25
80
80
3
241
71
252
241
202
179
250
217
238
246
26
24
224
20
17
25
224
88
252
14
0
2
241
12
199
18
21
178
14
15
15
249
147
8
23
36
71
187
147
223
36
13
244
244
217
242
35
250
200
7
11
29
246
252
58
26
44
231
1
53
30
245
216
25
81
254
224
9
231
229
240
222
245
29
200
200
235
216
35
252
61
195
1
244
0
252
57
15
1
246
12
2
250
25
17
3
255
2
249
1
220
53
242
29
242
239
2
14
250
10
30
1
5
250
232
11
251
229
241
238
6
248
247
3
23
22
16
214
19
234
242
20
227
31
225
6
8
1
9
242
39
206
240
243
249
238
10
249
4
24
10
254
235
24
250
192
251
8
248
252
231
244
251
2
196
197
209
12
40
243
24
250
240
231
236
220
198
230
18
208
255
230
248
242
38
251
5
24
19
244
232
9
84
228
248
13
34
11
232
196
180
27
8
244
1
36
6
16
75
245
239
3
11
224
57
8
255
3
35
238
4
242
0
1
4
6
10
248
234
24
24
62
181
10
19
2
227
11
127
3
251
248
11
235
240
253
216
8
252
236
236
233
197
16
248
237
232
243
228
239
254
228
210
243
30
240
60
245
49
230
63
16
235
56
250
24
11
242
254
238
7
241
25
18
4
247
7
16
2
249
254
249
6
129
13
38
9
86
200
1
20
13
7
0
185
28
251
166
244
11
1
225
254
222
225
7
2
232
236
3
255
243
227
18
216
199
251
32
38
5
16
234
10
12
230
26
127
24
46
16
6
58
182
16
252
22
219
6
250
4
253
5
8
5
243
0
11
251
249
201
225
1
254
20
225
248
112
249
2
2
10
5
243
247
232
7
238
4
11
247
36
197
20
21
217
253
2
12
250
235
200
239
249
220
7
217
59
230
8
249
6
254
249
10
22
250
225
234
23
35
38
54
244
5
254
1
252
12
247
250
250
27
225
3
209
224
21
228
248
18
11
10
203
21
9
169
251
18
241
244
245
1
16
0
242
29
2
9
45
227
232
219
1
237
13
20
0
186
33
247
1
20
6
11
213
12
252
31
0
0
0
0
0
0
0
0
0
0
0
0
0
0
0
0
0
0
0
0
0
0
0
0
0
0
0
0
0
0
0
0
0
0
0
0
0
0
0
0
0
0
0
0
0
0
0
0
0
0
0
0
0
0
0
0
0
0
0
0
0
0
0
0
0
0
0
0
0
0
0
0
0
0
0
0
0
0
0
0
0
0
0
0
0
0
0
0
0
0
0
0
0
0
0
0
0
0
0
0
0
0
0
0
0
0
0
0
0
0
0
0
0
0
0
0
0
0
0
0
0
0
0
0
0
0
0
0
3
237
252
215
1
188
250
7
250
9
229
248
5
237
254
5
16
228
52
32
252
19
249
239
244
44
37
220
247
0
233
22
252
234
249
215
17
210
9
31
242
252
15
8
248
231
216
251
8
13
5
240
227
189
23
6
3
246
218
249
3
27
240
241
242
242
248
252
2
244
242
9
0
1
13
2
241
248
252
7
0
252
48
32
33
38
13
21
22
255
252
8
178
235
6
18
11
5
132
215
2
36
161
252
26
248
31
250
19
17
237
22
202
5
174
223
16
60
24
17
22
8
28
246
247
237
14
252
254
249
250
34
36
55
7
15
249
244
254
227
253
57
255
2
244
214
217
13
6
3
11
181
199
86
35
226
223
7
226
237
229
252
207
239
219
252
14
41
235
0
17
10
221
181
231
231
243
15
7
233
187
4
250
57
17
252
244
195
13
19
239
246
23
20
20
6
6
10
8
3
6
13
41
247
249
19
252
18
6
0
8
222
19
0
249
234
44
6
20
234
129
243
242
48
226
48
4
6
6
236
188
22
238
245
169
252
0
4
236
248
129
7
233
23
38
59
245
41
31
249
17
6
246
249
11
13
2
21
10
16
228
7
249
224
18
212
250
30
192
7
0
206
16
235
236
232
27
10
242
235
227
55
40
24
239
16
243
242
245
248
239
52
217
250
245
189
6
22
18
245
14
13
24
80
20
254
229
55
223
246
255
220
253
233
247
25
220
254
8
5
252
242
245
244
255
0
252
251
238
240
242
235
253
251
0
222
233
243
232
240
7
241
16
18
28
4
249
207
158
1
41
21
224
11
244
223
237
30
255
249
25
40
247
252
45
245
28
8
235
25
248
225
12
3
208
13
5
235
16
249
236
23
221
244
6
27
251
246
129
251
255
98
246
227
14
1
129
25
3
85
236
11
228
24
210
8
6
251
18
249
9
21
239
227
233
254
12
23
6
228
17
246
11
16
55
242
187
237
13
18
12
165
250
21
236
1
23
38
27
186
226
4
253
241
192
254
19
222
3
240
5
252
15
5
253
245
254
240
252
252
39
12
56
235
4
15
229
248
231
38
201
0
233
253
9
197
227
9
250
206
255
24
237
24
255
15
12
1
229
245
12
19
129
2
250
14
203
217
33
255
226
35
32
224
228
8
31
249
253
12
183
241
7
246
235
3
92
162
4
154
4
18
240
251
245
180
7
2
32
234
196
26
214
12
19
47
8
244
227
12
12
9
131
247
42
237
250
225
214
232
19
10
234
226
252
240
61
26
4
33
224
18
30
180
249
3
223
43
243
35
63
13
52
204
32
33
14
45
80
1
253
236
17
250
35
45
60
250
231
14
51
31
30
8
227
0
129
6
109
231
209
10
4
224
250
20
244
234
51
58
104
60
6
216
237
245
241
1
249
41
51
19
35
215
147
50
237
31
20
237
237
13
232
236
129
21
237
21
194
0
243
239
2
246
3
72
248
6
12
54
251
248
0
1
22
24
35
252
42
22
204
239
252
242
56
253
12
235
2
247
164
1
10
242
22
147
33
22
1
40
231
249
253
236
253
217
221
11
10
6
18
6
79
158
231
59
247
242
254
249
7
220
6
255
241
233
145
13
239
8
247
8
252
255
248
230
245
3
206
250
225
204
212
71
82
182
49
18
205
241
8
19
21
235
28
23
20
37
99
1
206
129
193
7
15
228
241
23
58
238
238
243
190
1
236
216
16
229
242
245
8
244
222
228
243
247
232
240
254
249
1
244
0
252
253
12
255
38
23
235
246
6
251
3
5
250
31
19
4
242
254
243
193
195
224
13
245
252
184
255
243
21
26
238
7
10
252
25
10
229
2
252
254
4
9
0
253
211
219
12
232
42
29
229
254
233
250
242
248
245
245
2
246
237
245
249
255
32
242
3
5
13
3
254
16
1
8
8
231
45
34
103
35
9
245
250
231
10
246
79
49
255
31
12
23
181
166
23
29
64
143
249
34
13
13
239
19
250
12
9
249
71
28
10
246
191
32
240
255
233
31
223
5
244
16
253
251
1
10
246
4
249
10
250
10
2
20
11
252
251
240
245
255
1
253
235
253
247
240
19
217
181
207
57
27
6
166
15
235
6
26
252
246
17
247
225
3
251
247
255
231
8
10
227
18
251
1
36
244
37
9
29
9
16
13
3
232
31
253
16
27
38
14
245
250
254
2
253
221
7
23
11
5
6
5
5
253
235
22
47
210
231
245
251
244
238
243
25
98
24
8
185
34
171
234
33
17
47
182
4
254
36
237
254
243
232
12
234
222
88
7
44
237
179
183
244
11
30
12
9
23
167
236
238
4
12
2
247
8
253
248
8
3
247
1
244
249
5
253
44
11
36
3
3
33
4
1
2
18
222
227
5
30
237
200
9
245
6
244
243
232
0
245
251
3
58
28
251
5
4
241
234
17
18
3
241
0
255
22
37
246
2
234
232
17
7
224
249
245
243
255
251
5
233
253
255
254
244
239
32
27
203
249
250
250
240
245
239
220
244
9
234
18
189
7
7
11
15
226
208
3
31
237
5
11
239
55
254
4
252
247
12
203
15
255
25
241
33
246
25
234
238
17
240
241
75
2
39
31
4
244
45
0
0
0
0
0
0
0
0
0
0
0
0
0
0
0
0
0
0
0
0
0
0
0
0
0
0
0
0
0
0
0
0
0
0
0
0
0
0
0
0
0
0
0
0
0
0
0
0
0
0
0
0
0
0
0
0
0
0
0
0
0
0
0
0
0
0
0
0
0
0
0
0
0
0
0
0
0
0
0
0
0
0
0
0
0
0
0
0
0
0
0
0
0
0
0
0
0
0
0
0
0
0
0
0
0
0
0
0
0
0
0
0
0
0
0
0
0
0
0
0
0
0
0
0
0
0
0
0
15
244
255
255
50
28
252
67
40
0
225
8
0
0
226
216
0
108
39
0
160
38
0
0
180
180
225
87
40
0
69
20
0
0
134
86
129
100
40
0
168
14
0
0
62
79
129
98
39
0
221
22
0
0
244
202
114
76
39
0
194
22
0
0
170
185
111
64
39
0
220
11
0
0
224
190
46
88
39
0
104
206
255
255
84
61
209
67
40
0
79
3
0
0
218
249
155
124
41
0
170
255
255
255
42
17
110
115
39
0
51
34
0
0
17
227
128
76
39
0
214
29
0
0
102
116
240
92
39
0
101
208
255
255
196
22
66
125
41
0
58
71
0
0
186
92
170
125
41
0
128
52
0
0
241
144
135
77
40
0
1
0
0
0
0
0
0
0
0
0
0
0
0
0
108
68
56
176
226
66
5
157
40
8
20
104
0
48
64
66
138
35
54
17
7
43
23
21
58
216
4
5
13
4
0
255
9
236
221
230
24
56
255
242
217
241
252
26
18
249
24
13
246
24
243
5
7
250
255
12
244
249
248
240
251
198
24
1
8
228
22
0
8
221
6
218
27
16
218
252
1
227
245
32
9
180
7
48
251
236
251
232
15
46
254
234
255
251
244
251
254
250
0
234
5
251
237
17
249
236
253
12
42
3
249
11
7
5
244
241
240
5
252
255
251
9
2
235
241
79
241
21
228
4
3
12
29
251
18
248
9
19
13
252
17
233
253
35
17
23
102
52
71
8
251
34
54
27
13
16
10
254
14
34
235
6
46
45
32
80
23
3
229
129
2
211
26
17
7
231
229
225
232
2
244
18
4
246
248
233
250
231
241
129
21
244
236
188
20
14
235
244
6
245
19
13
227
231
232
7
18
248
252
243
252
26
238
243
33
7
7
19
253
10
26
249
4
6
249
243
252
20
2
235
246
15
249
5
20
38
14
28
2
14
245
233
253
243
0
252
253
5
6
9
5
222
218
26
252
254
245
248
8
254
7
236
5
0
250
16
247
232
237
59
2
0
23
16
44
35
45
201
6
23
1
10
249
243
250
243
247
9
254
0
94
42
10
29
9
236
245
144
4
10
6
5
8
7
247
9
10
255
1
243
253
3
249
244
250
206
242
200
13
8
242
0
7
240
35
3
224
251
0
1
226
5
213
8
247
8
254
10
255
250
5
241
25
252
207
241
245
12
5
253
250
4
239
0
254
5
250
11
18
216
255
244
51
223
27
232
251
12
225
253
7
245
13
21
1
13
9
239
2
228
14
29
250
4
232
15
254
4
22
236
25
11
250
17
10
226
252
0
207
17
14
246
212
103
35
195
19
14
237
85
4
245
236
255
13
247
8
254
73
57
11
210
233
241
230
187
45
197
249
7
10
0
11
239
19
251
237
0
32
28
244
232
216
250
27
194
22
216
250
4
10
253
22
230
242
232
227
233
18
8
23
241
232
190
19
32
250
246
55
225
241
253
210
224
251
10
247
251
5
5
244
252
245
241
11
24
21
217
225
26
17
246
16
242
246
26
236
3
244
9
228
242
26
29
227
234
241
0
253
28
13
15
248
24
251
4
22
232
2
249
241
16
253
18
5
208
241
3
225
0
6
111
57
9
77
56
42
127
251
214
15
252
249
183
8
247
16
35
205
159
207
15
215
176
18
217
251
22
22
19
238
246
254
206
37
16
247
7
31
27
250
17
8
169
32
220
9
226
230
5
237
25
0
8
246
207
31
24
194
30
235
179
10
213
6
217
10
211
2
214
202
11
129
100
11
255
45
12
7
17
16
32
4
0
248
25
249
246
37
255
45
11
251
14
243
231
129
212
241
240
26
233
9
23
255
5
231
63
10
254
245
30
246
229
250
129
3
27
31
250
32
216
212
60
220
45
247
248
235
242
241
74
69
32
61
19
21
31
248
244
12
232
23
43
174
215
247
226
247
211
232
12
30
1
31
223
9
17
208
5
1
29
238
253
2
41
17
3
15
8
242
179
11
249
28
3
246
247
255
7
248
253
241
249
12
42
4
245
233
86
10
14
251
2
239
209
224
154
203
37
208
52
24
244
226
238
215
254
13
253
230
22
6
254
238
226
29
38
40
245
223
19
254
228
236
157
40
254
225
253
224
24
0
1
237
59
251
4
1
6
0
229
14
163
25
23
44
19
222
129
216
31
30
25
60
14
236
221
246
86
57
11
68
243
11
253
11
11
13
222
241
5
21
230
236
227
59
213
177
237
7
236
235
208
228
225
208
246
248
0
11
10
7
19
238
11
15
2
253
1
199
3
24
10
238
2
0
29
230
1
230
1
252
247
244
249
239
6
11
49
254
186
196
236
224
197
180
14
253
254
14
245
244
6
8
7
13
7
228
43
4
7
30
39
44
6
18
223
239
18
7
222
255
0
8
253
11
2
16
0
254
17
248
244
4
241
10
10
247
255
0
254
246
29
22
8
2
16
224
247
251
11
2
248
228
21
243
22
87
56
35
22
245
12
252
6
1
218
0
247
0
60
241
172
228
40
223
213
10
7
237
19
5
4
237
252
255
251
245
252
10
216
9
4
14
2
7
5
241
15
24
22
252
216
250
8
19
1
216
206
8
226
233
22
6
205
50
205
253
185
5
241
222
216
186
230
249
13
255
3
8
15
10
6
27
250
4
34
249
7
23
29
41
219
42
251
231
18
245
248
0
251
3
253
4
236
16
254
254
234
230
24
9
247
254
4
5
243
12
255
1
7
8
5
216
89
33
253
245
17
191
11
216
58
220
18
48
13
243
20
247
254
9
0
4
240
1
251
55
49
46
239
218
14
246
216
8
129
255
255
231
2
21
231
250
13
251
255
19
14
6
0
225
219
251
6
22
248
255
39
245
22
251
255
23
244
227
250
237
201
30
9
254
236
242
13
232
249
30
254
229
236
218
218
253
254
13
252
14
9
3
255
244
31
221
10
25
241
224
1
235
9
247
253
254
30
244
3
2
236
16
253
7
17
2
4
7
248
10
11
0
248
21
248
253
248
3
0
9
237
18
20
237
245
247
219
255
10
239
249
0
0
0
0
0
0
0
0
0
0
0
0
0
0
0
0
0
0
0
0
0
0
0
0
0
0
0
0
0
0
0
0
0
0
0
0
0
0
0
0
0
0
0
0
0
0
0
0
0
0
0
0
0
0
0
0
0
0
0
0
0
0
0
0
0
0
0
0
0
0
0
0
0
0
0
0
0
0
0
0
0
0
0
0
0
0
0
0
0
0
0
0
0
0
0
0
0
0
0
0
0
0
0
0
0
0
0
0
0
0
0
0
0
0
0
0
0
0
0
0
0
0
0
0
0
0
0
0
7
231
250
83
14
58
215
33
248
13
240
6
0
46
6
250
242
4
251
19
247
21
233
38
240
253
20
7
7
255
1
244
20
2
32
61
3
35
250
183
251
235
45
254
189
190
214
34
143
24
31
36
13
243
202
192
47
240
253
239
238
14
251
221
239
222
217
254
38
9
203
224
19
2
253
233
55
215
13
248
213
232
233
250
241
1
241
246
243
251
237
27
12
4
28
16
6
238
231
11
11
18
21
145
27
42
83
5
36
203
0
69
247
19
28
43
17
208
242
40
8
238
250
246
2
249
231
250
238
184
200
96
6
37
212
3
21
235
165
42
255
234
19
1
246
253
28
14
238
223
9
247
239
30
30
33
41
9
237
198
19
241
198
220
231
239
39
186
178
21
100
250
19
33
250
30
236
250
94
79
47
28
1
146
211
32
9
250
3
2
213
186
222
19
244
31
218
203
160
19
19
58
251
41
241
221
61
7
191
253
247
15
44
233
232
230
249
7
1
236
247
246
33
255
219
64
32
236
225
10
21
8
60
245
57
216
248
235
249
62
30
213
252
26
46
7
36
6
5
20
36
15
253
28
39
0
69
19
206
44
2
52
7
10
244
241
169
14
16
233
10
10
1
4
11
247
249
2
245
246
21
8
6
11
16
24
2
9
191
220
223
230
251
217
17
8
210
248
62
36
235
15
214
13
245
29
34
5
44
5
41
198
218
8
239
251
245
236
3
177
245
24
238
47
242
238
2
29
31
5
248
14
250
251
22
230
243
3
251
4
17
8
234
255
6
250
15
22
7
240
12
255
251
250
28
253
23
22
250
4
242
13
66
147
102
250
241
5
40
184
8
199
32
229
37
0
248
21
15
7
10
230
25
238
0
79
236
247
246
240
6
243
253
231
149
251
251
8
18
4
251
244
253
20
10
255
3
16
254
185
10
253
234
227
8
0
17
7
215
11
253
198
55
2
67
15
208
64
24
124
184
241
15
218
77
9
250
206
71
251
243
248
252
252
5
19
196
153
243
39
236
27
46
25
17
31
253
239
25
8
229
6
55
5
28
241
232
251
40
10
251
234
215
34
213
244
4
9
244
22
236
29
236
242
33
234
49
231
222
49
30
56
253
193
97
239
249
252
216
189
247
195
241
25
255
35
17
28
8
245
245
226
204
20
6
117
245
191
246
11
220
18
129
52
33
55
9
4
9
240
27
249
35
33
8
12
231
129
7
21
184
172
253
226
90
31
229
35
75
140
208
141
107
6
244
7
225
36
152
77
184
10
77
39
248
212
40
175
245
232
237
29
240
30
129
185
215
57
239
127
233
58
238
19
27
254
31
31
27
22
114
61
104
214
17
252
127
42
246
39
136
49
184
8
2
219
251
252
2
220
193
46
242
188
232
130
4
14
50
95
13
158
71
239
250
248
0
10
47
196
216
34
243
14
90
7
20
33
254
234
7
240
216
103
237
26
0
10
219
232
236
33
35
9
246
255
20
255
249
230
249
244
249
210
207
16
8
255
0
55
241
55
226
14
40
15
20
251
164
51
87
217
72
227
203
205
208
106
167
49
22
254
17
240
212
244
8
19
240
255
251
15
195
160
242
29
237
73
252
78
235
251
17
42
18
244
10
9
45
53
71
46
36
8
4
20
1
73
205
187
27
251
238
211
242
245
207
129
237
231
16
47
225
152
10
180
10
127
92
184
61
230
248
18
81
22
23
249
219
246
42
213
25
2
252
45
221
1
196
218
50
253
230
254
26
22
1
250
237
7
24
234
240
36
251
252
246
8
16
22
1
14
3
245
13
245
239
32
10
37
250
4
246
221
190
32
31
187
243
8
253
221
45
173
81
25
232
49
225
204
49
13
213
238
250
9
1
201
234
6
0
223
33
9
254
2
38
79
20
17
248
50
4
7
233
244
33
27
214
241
231
4
0
245
0
242
250
220
232
242
3
243
2
1
43
234
22
227
8
20
246
46
7
231
19
0
24
187
72
20
24
56
58
8
3
21
243
248
30
218
20
4
13
31
226
3
203
245
56
249
233
239
52
44
3
56
204
17
38
75
245
17
0
251
226
255
248
247
1
250
4
250
253
229
204
226
9
240
248
2
33
28
12
24
237
51
48
34
195
245
212
169
43
36
191
43
241
224
249
68
9
204
33
11
33
240
238
7
236
252
41
33
19
29
36
53
23
49
8
231
250
8
27
255
63
33
193
13
238
236
29
221
52
0
219
12
230
9
246
235
8
253
251
3
15
241
6
22
205
206
249
252
0
62
22
179
68
250
7
47
45
215
27
196
195
16
12
24
58
22
5
24
178
248
7
238
50
5
240
15
56
3
4
20
184
242
246
20
249
212
2
254
238
248
247
2
8
238
0
5
15
19
250
1
249
241
253
37
202
254
15
233
241
0
73
247
131
3
202
235
242
0
210
199
32
244
199
233
10
241
22
243
47
233
250
1
255
228
34
217
10
5
38
12
38
26
248
243
11
4
4
249
21
12
242
4
7
10
24
10
243
6
246
254
238
249
242
2
249
3
10
254
250
244
229
13
30
236
238
243
4
57
74
197
85
240
236
43
204
129
240
213
174
10
8
16
25
20
15
235
222
11
0
0
0
0
0
0
0
0
0
0
0
0
0
0
0
0
0
0
0
0
0
0
0
0
0
0
0
0
0
0
0
0
0
0
0
0
0
0
0
0
0
0
0
0
0
0
0
0
0
0
0
0
0
0
0
0
0
0
0
0
0
0
0
0
0
0
0
0
0
0
0
0
0
0
0
0
0
0
0
0
0
0
0
0
0
0
0
0
0
0
0
0
0
0
0
0
0
0
0
0
0
0
0
0
0
0
0
0
0
0
0
0
0
0
0
0
0
0
0
0
0
0
0
0
0
0
0
0
