67
79
80
49
1
0
16
0
24
1
0
32
0
112
0
32
5
0
0
0
5
0
0
0
5
0
0
0
2
0
75
0
36
64
41
0
142
108
36
64
5
1
1
0
15
1
1
0
0
64
0
0
32
0
0
0
1
64
0
0
0
0
0
0
2
64
0
0
0
0
0
0
3
64
0
0
0
0
0
0
11
1
0
0
12
1
0
0
10
1
0
0
4
1
199
0
5
64
0
0
200
0
0
0
4
64
0
0
200
0
0
0
6
64
0
0
1
0
0
0
9
1
128
255
7
1
0
0
0
1
0
0
1
1
0
0
3
1
0
0
2
1
0
0
20
1
1
0
31
1
1
0
16
64
0
0
0
0
0
0
17
64
0
0
0
0
0
0
18
64
0
0
0
0
0
0
19
64
0
0
0
0
0
0
18
1
0
0
17
1
0
0
19
1
31
0
27
1
0
0
28
1
0
0
26
1
0
0
21
64
0
0
32
0
0
0
20
64
0
0
32
0
0
0
22
64
0
0
1
0
0
0
24
1
128
255
33
1
0
0
32
1
0
0
34
1
0
0
46
1
0
0
40
1
0
0
32
64
0
0
64
1
0
0
33
64
0
0
240
28
0
0
41
1
0
0
34
64
0
0
0
0
0
0
35
64
0
0
64
1
0
0
37
1
0
0
38
1
128
255
39
1
127
0
22
1
0
0
21
1
3
0
23
1
31
0
36
1
0
2
47
1
0
0
2
0
0
0
0
0
255
255
