-26
-67
56
-50
-53
-23
-26
-125
77
-43
-2
65
-53
6
-33
-17
48
-30
121
75
45
50
-121
58
-91
6
90
27
23
-112
106
-68
-119
-70
122
103
-114
-86
-31
31
81
-69
2
-1
14
62
-86
-79
89
113
114
-86
-36
-87
50
-66
60
120
19
-58
-91
-46
-113
-77
54
55
108
-4
-55
15
67
100
-51
-99
81
40
30
-50
62
-124
-86
86
-32
88
84
-46
77
-49
-122
-42
-123
83
-124
-24
-124
28
-71
53
-117
25
-17
-110
46
57
18
-35
123
43
-46
3
90
58
105
-44
104
0
12
-46
67
-106
-15
107
-55
39
81
-100
-67
3
88
88
-8
24
-103
-46
11
118
-125
-88
102
-41
-111
27
59
79
19
104
86
-85
110
-106
-37
3
-1
-11
-13
-21
-118
-75
-61
70
-47
-77
-28
-21
-29
82
74
-60
-111
-74
-92
78
72
4
27
110
82
-59
-39
74
115
110
2
-102
89
60
-119
13
54
-33
-65
127
82
100
-56
121
-100
22
-5
31
