188
22
3
0
142
108
36
64
41
0
73
25
3
0
250
74
223
127
42
0
97
35
3
0
114
9
68
126
42
0
218
26
3
0
237
170
158
127
42
0
234
39
3
0
150
117
142
125
42
0
51
19
3
0
118
33
110
64
41
0
177
18
3
0
125
208
120
64
41
0
134
25
3
0
125
103
213
127
42
0
145
21
3
0
179
185
60
64
41
0
223
22
3
0
225
142
33
64
41
0
23
20
3
0
204
139
91
64
41
0
224
26
3
0
67
203
157
127
42
0
139
23
3
0
228
159
19
64
41
0
151
19
3
0
9
5
102
64
41
0
112
19
3
0
226
36
105
64
41
0
130
20
3
0
110
211
82
64
41
0
251
20
3
0
93
233
72
64
41
0
137
19
3
0
99
35
103
64
41
0
209
22
3
0
74
195
34
64
41
0
237
19
3
0
132
252
94
64
41
0
126
31
3
0
153
25
225
126
42
0
88
23
3
0
132
191
23
64
41
0
115
23
3
0
109
142
21
64
41
0
81
19
3
0
0
192
107
64
41
0
7
21
3
0
140
240
71
64
41
0
132
20
3
0
189
160
82
64
41
0
204
21
3
0
101
234
55
64
41
0
251
18
3
0
133
200
114
64
41
0
125
19
3
0
10
27
104
64
41
0
58
25
3
0
20
189
225
127
42
0
79
25
3
0
109
62
222
127
42
0
47
21
3
0
199
182
68
64
41
0
24
199
92
1
12
0
168
28
122
87
160
31
119
191
0
16
44
106
105
74
81
0
217
2
0
157
75
153
107
16
22
97
63
33
79
53
123
1
86
87
24
0
144
209
74
245
4
125
239
168
3
0
142
121
64
40
235
61
3
124
180
155
100
246
12
228
237
36
0
224
231
7
204
79
165
92
232
3
16
209
81
249
235
66
39
30
78
222
90
154
134
85
159
89
224
0
64
209
24
176
177
171
233
212
2
0
144
222
16
12
76
247
107
231
237
156
154
61
168
50
151
40
0
240
83
151
153
111
163
189
102
1
32
231
88
86
118
233
210
155
21
21
196
43
45
229
102
243
143
0
224
130
13
31
144
91
153
72
13
0
135
66
176
140
75
34
20
53
108
200
75
205
82
134
25
127
0
208
11
253
235
180
119
203
2
0
0
189
205
59
230
106
103
15
18
72
111
79
57
241
217
166
176
0
48
40
114
138
221
203
80
84
15
0
166
79
219
174
26
160
60
53
245
228
89
153
129
5
243
58
0
160
129
234
250
93
183
61
219
11
0
90
74
230
232
50
19
101
61
217
181
11
160
137
55
105
139
0
16
18
19
73
139
148
202
220
14
0
159
191
59
131
247
202
129
3
10
13
64
253
21
31
154
0
0
208
193
189
3
7
177
111
82
1
0
88
115
210
117
172
25
16
130
187
188
121
87
187
229
236
246
0
16
21
95
21
219
83
76
95
14
0
174
113
112
84
170
186
155
19
121
159
247
211
57
128
133
2
0
32
206
184
51
72
148
50
247
2
0
140
199
98
241
226
56
92
73
214
213
33
196
118
121
225
251
0
224
185
94
85
112
232
236
99
13
0
208
187
82
232
71
138
111
168
124
224
27
43
218
19
252
181
0
80
94
56
9
44
232
145
62
15
0
70
151
226
161
153
223
122
183
47
113
4
98
226
23
239
75
0
32
58
26
215
214
41
5
17
7
0
148
245
43
81
247
92
229
212
111
13
120
233
139
134
134
73
0
64
34
146
253
26
118
53
225
6
0
69
83
117
194
30
208
133
35
233
18
238
102
71
58
123
74
0
64
176
83
14
158
121
191
142
1
0
108
242
69
141
18
51
18
2
73
135
83
90
231
125
56
180
0
112
201
73
7
229
128
194
247
3
0
45
80
162
210
47
133
246
236
195
157
22
152
26
101
205
176
0
0
96
80
56
237
2
56
215
2
0
138
68
137
19
150
139
4
73
6
85
68
43
97
101
148
234
0
0
149
65
144
242
157
4
118
11
0
137
185
202
10
134
203
96
45
29
90
193
5
147
34
196
140
0
16
19
54
34
57
203
15
159
4
0
49
79
173
76
121
48
185
116
107
161
251
25
46
74
90
197
0
48
104
64
183
227
217
199
113
8
0
89
143
164
92
63
180
191
173
244
214
9
68
121
74
128
179
0
128
142
22
191
149
169
235
211
10
0
33
206
243
192
159
164
35
49
36
175
189
57
162
209
221
70
0
128
174
2
119
71
231
74
184
6
0
211
179
245
50
4
112
138
163
218
146
58
59
123
129
104
152
0
16
166
212
252
92
124
144
86
8
0
200
165
118
58
180
66
128
215
212
126
52
31
17
70
104
230
0
208
97
155
36
118
168
12
178
4
0
235
72
84
7
24
189
44
43
132
160
83
127
223
6
67
74
0
80
99
163
94
194
73
138
105
7
0
13
237
75
26
24
213
128
182
18
31
240
88
57
35
61
212
0
64
103
171
90
164
57
167
46
15
0
28
185
1
211
17
153
137
120
127
58
80
220
245
211
24
188
0
80
147
46
133
224
190
125
161
7
0
71
199
125
243
34
143
198
120
51
193
253
230
154
51
187
64
0
32
153
119
137
196
111
73
152
11
0
140
49
138
98
174
237
64
108
22
122
195
139
101
190
199
239
0
144
103
100
65
255
84
124
215
8
0
44
191
180
228
61
28
91
109
115
250
142
87
169
248
158
113
0
16
184
75
98
179
33
2
194
12
0
142
191
231
56
249
167
112
104
123
51
59
7
169
97
61
194
0
128
29
59
32
15
186
161
156
8
0
68
149
36
197
57
80
83
217
198
78
50
141
184
90
24
153
0
32
227
102
33
105
188
138
115
6
0
14
74
199
245
107
41
23
75
92
149
133
105
51
74
37
142
0
32
65
153
182
199
59
170
85
14
64
28
179
171
187
52
144
163
56
145
136
80
15
46
108
59
107
0
240
10
28
186
84
78
114
252
5
0
64
103
66
232
194
0
174
36
193
187
141
47
154
77
50
183
0
64
239
107
191
225
32
17
155
10
0
46
248
33
55
253
37
161
224
244
194
245
253
61
167
231
143
0
48
111
148
41
47
157
153
71
11
0
72
102
98
67
125
234
187
218
51
133
103
198
187
25
119
174
0
112
135
113
143
196
160
180
253
0
0
60
154
150
139
117
56
130
102
82
180
224
18
142
171
182
97
0
208
8
218
63
58
99
37
88
0
0
21
244
108
211
239
81
64
95
22
138
106
98
165
109
75
91
0
112
221
129
125
234
17
107
221
10
0
81
11
168
156
122
179
111
201
247
182
13
241
172
89
78
164
0
112
126
164
245
77
144
34
16
2
0
108
125
77
176
179
124
10
33
47
163
109
250
211
24
222
123
0
128
67
255
219
218
243
133
22
5
0
144
226
69
129
174
86
155
27
183
208
71
169
86
94
117
99
0
176
212
144
97
61
116
240
43
6
0
100
101
230
100
29
47
189
28
32
18
77
14
23
187
217
219
0
224
4
5
37
60
242
196
22
14
0
28
171
133
9
24
69
1
136
227
207
71
193
226
237
213
72
0
208
48
239
245
126
106
206
211
15
0
162
11
205
59
208
227
85
30
142
30
164
67
15
89
229
8
0
176
203
35
118
116
28
186
227
10
0
238
233
101
81
103
14
141
176
8
108
146
53
96
30
239
69
0
128
150
58
116
81
45
57
195
9
0
220
198
88
179
144
136
110
69
98
234
36
178
206
16
140
103
0
80
227
53
97
226
0
7
184
4
0
83
70
1
28
83
91
124
133
199
239
26
186
28
104
134
62
0
176
138
197
214
72
157
158
9
7
0
53
33
191
239
106
143
100
197
151
199
73
176
181
72
111
199
0
192
108
232
178
32
179
91
101
13
0
205
199
100
93
143
78
172
93
252
245
134
169
206
240
17
207
0
96
156
214
175
210
98
103
230
2
0
118
25
140
74
162
33
100
253
30
177
135
94
243
179
125
101
0
80
199
180
228
109
202
72
3
6
2
3
180
251
151
186
195
224
50
0
224
118
4
200
132
21
244
218
76
25
252
178
191
120
36
63
7
0
90
130
118
81
180
183
114
43
0
80
106
6
74
12
250
248
12
214
31
88
145
227
121
222
202
34
0
97
76
65
247
230
72
136
53
0
48
214
72
224
109
120
247
220
35
205
22
221
49
20
69
14
14
0
248
221
149
143
25
237
28
182
0
32
77
201
198
231
249
170
110
153
88
2
106
228
32
24
245
5
0
111
247
221
88
138
15
40
220
0
49
30
84
17
218
59
66
136
4
50
46
72
17
143
254
194
10
0
101
193
207
222
236
167
224
195
0
176
28
43
232
180
151
218
4
19
163
255
164
91
108
204
203
8
0
30
191
81
167
116
64
184
29
0
65
141
110
177
147
199
53
45
127
8
96
118
52
92
183
99
7
0
87
173
216
239
103
1
25
36
0
224
204
16
161
1
23
195
102
252
162
82
148
132
253
193
184
6
0
144
131
59
218
211
249
27
248
0
16
70
161
208
162
194
83
106
21
82
155
105
215
154
66
4
0
0
58
183
49
211
5
24
90
234
0
224
120
183
18
128
148
187
222
174
33
202
40
140
126
80
246
8
0
212
122
39
237
37
2
160
115
0
224
26
186
161
39
31
188
210
111
209
7
220
168
100
251
214
3
0
159
177
242
197
101
78
225
8
0
208
5
172
71
231
49
240
213
113
143
102
178
103
30
119
178
13
0
34
92
203
11
152
111
231
47
0
112
17
91
98
255
218
150
229
206
33
85
63
73
7
183
76
6
0
45
148
39
39
86
51
213
61
0
32
208
48
28
71
83
40
138
104
78
80
238
144
241
46
155
14
0
86
78
118
64
253
16
168
108
0
16
154
69
88
132
185
201
65
4
119
208
171
101
140
46
45
13
0
51
232
80
144
221
208
85
44
0
96
110
144
173
131
21
160
33
135
183
140
90
185
54
48
135
2
0
75
169
39
55
172
74
146
42
0
0
176
106
216
132
51
9
107
193
16
113
73
76
112
49
218
15
0
65
192
47
75
132
129
43
130
0
240
185
186
186
65
116
183
184
48
71
76
246
49
132
55
54
7
0
68
85
253
99
201
155
41
230
0
48
129
155
21
0
32
135
144
83
36
105
46
20
209
169
10
6
0
94
34
28
185
79
202
142
45
0
64
91
41
174
231
151
1
187
100
59
110
197
62
253
65
184
14
0
143
133
123
105
192
188
75
95
0
208
214
39
102
79
51
54
54
4
232
141
207
173
250
172
246
14
0
52
32
21
111
36
141
143
97
0
64
223
169
13
23
34
86
35
194
255
26
73
47
224
176
207
3
0
71
98
40
164
176
188
219
99
0
16
237
172
128
114
255
99
124
132
111
21
80
179
96
139
169
3
0
173
56
2
239
60
178
161
165
0
176
233
113
0
105
249
32
46
82
123
180
146
237
60
181
129
2
0
148
200
149
104
36
200
225
100
0
32
129
17
53
201
175
147
8
243
200
246
221
137
19
239
148
4
0
221
184
146
148
144
214
47
238
0
144
65
165
28
150
22
19
45
11
89
224
148
237
3
28
89
13
0
25
188
148
48
253
248
148
29
0
48
40
98
68
221
156
111
56
146
240
130
254
50
53
16
134
8
0
187
15
246
55
140
51
229
180
0
224
73
69
202
67
12
151
106
245
168
199
221
91
245
21
172
3
0
49
60
108
62
170
30
60
21
0
32
220
142
24
64
173
53
202
42
9
147
42
120
205
161
53
11
0
191
100
229
174
74
74
42
62
0
64
29
183
1
221
17
227
190
24
220
9
122
213
245
129
109
9
0
204
99
166
92
53
50
0
119
0
16
62
151
5
196
122
59
25
72
50
25
101
172
219
15
16
6
0
208
7
61
78
127
147
194
249
0
144
189
89
11
135
175
131
106
165
75
201
15
217
240
161
20
12
0
152
56
211
12
7
204
252
165
0
208
3
44
38
176
23
209
0
135
17
120
93
92
44
9
130
14
0
22
126
102
188
154
209
250
83
0
144
68
244
58
216
182
141
40
82
74
252
54
254
45
220
216
7
0
144
192
120
158
121
245
150
137
0
128
96
72
16
55
223
127
30
206
174
107
178
220
145
113
54
10
0
30
16
197
165
203
37
11
1
1
80
92
165
209
109
138
144
110
11
8
184
239
48
228
227
224
76
79
246
49
17
209
135
91
137
173
0
160
175
230
6
32
84
29
121
13
0
38
2
173
162
179
9
49
11
88
175
167
66
155
10
172
38
0
208
109
118
79
19
12
124
237
8
0
127
133
227
117
108
246
143
72
80
111
228
80
69
214
139
203
0
192
207
162
187
68
244
214
135
7
0
68
77
157
73
112
140
60
228
26
8
160
222
248
134
7
114
0
224
243
8
69
245
46
99
249
8
0
92
184
127
175
250
88
190
59
147
191
182
226
109
144
186
39
0
240
136
155
102
227
134
251
128
6
0
115
55
193
29
25
127
10
169
225
194
229
229
181
19
112
42
0
176
206
203
6
183
1
40
117
2
0
76
160
67
82
140
207
150
198
196
153
95
165
169
185
193
139
0
224
115
178
139
95
210
138
126
0
0
127
210
135
89
5
230
85
177
211
32
202
156
110
238
147
56
0
96
41
163
234
248
14
61
22
5
0
251
41
37
31
62
163
130
221
45
193
122
217
41
81
155
72
0
0
43
143
178
109
82
7
28
4
0
29
178
154
196
68
128
126
37
171
80
149
238
100
36
108
37
0
224
232
241
5
45
167
217
196
10
0
124
79
28
132
22
29
211
137
162
164
4
223
213
47
124
92
0
32
228
204
247
32
208
222
117
6
0
78
102
235
115
166
248
95
70
88
148
167
113
161
155
180
11
0
160
31
152
147
181
135
193
1
1
0
48
92
150
218
37
22
60
112
55
142
82
120
81
196
103
91
0
0
94
86
1
19
160
130
179
7
0
81
234
32
248
143
16
22
4
40
50
177
84
110
167
117
201
0
192
68
99
145
119
90
130
5
11
0
223
33
218
27
193
71
158
128
81
248
171
26
3
218
80
241
0
48
133
97
1
76
4
97
40
13
0
30
80
20
1
25
17
246
214
5
28
65
87
27
28
173
30
0
0
241
80
47
235
59
111
249
1
0
165
207
239
218
47
231
39
203
225
120
4
119
221
148
69
214
0
16
60
142
172
93
190
183
55
13
0
54
188
145
77
240
224
239
81
212
73
119
87
211
23
3
238
0
176
80
72
214
117
242
129
159
6
0
86
205
50
73
105
61
56
144
194
160
47
252
138
125
144
94
0
112
85
113
199
43
193
179
188
10
0
198
77
82
47
127
149
126
148
212
203
156
162
154
143
220
110
0
64
202
81
134
253
230
22
211
10
0
248
206
85
171
157
63
108
143
185
222
4
209
11
223
3
16
0
240
49
225
57
23
17
62
59
7
0
200
187
135
238
62
240
75
33
211
183
77
198
108
147
52
47
0
48
209
211
18
50
131
222
114
15
0
85
108
196
68
187
146
128
147
61
235
39
11
115
66
142
202
0
0
224
186
142
175
239
69
12
4
0
185
41
245
56
237
110
67
2
58
220
160
216
81
2
108
85
0
176
91
42
165
165
82
56
142
4
0
245
73
228
157
165
227
124
181
118
110
192
109
67
30
120
82
0
160
173
164
69
30
77
151
144
14
0
133
31
24
126
50
35
163
139
71
123
217
61
190
170
166
252
0
96
230
49
8
68
78
138
213
9
0
200
99
73
207
238
244
114
35
162
77
134
224
84
47
42
129
0
32
121
8
33
93
157
31
20
2
0
118
56
36
29
166
38
117
194
125
206
113
99
224
82
140
59
0
224
158
86
254
55
25
95
125
4
0
248
30
51
188
116
13
236
244
196
30
133
118
98
26
105
144
0
48
53
234
35
162
223
67
205
10
0
99
224
128
185
155
216
209
192
85
24
44
238
227
35
143
102
0
112
201
45
172
132
2
194
254
2
0
0
120
165
47
41
118
149
59
15
84
172
131
124
172
240
76
0
16
157
73
251
33
221
45
132
14
0
196
155
238
172
234
193
159
237
194
161
148
173
116
241
22
44
0
80
85
132
87
97
2
195
164
1
0
207
83
122
100
34
130
188
17
32
44
237
221
64
169
22
97
0
192
26
6
100
103
212
35
43
11
0
178
52
252
219
219
116
231
146
93
4
79
36
110
35
31
33
0
48
181
12
229
101
163
20
122
6
0
99
125
131
100
108
133
50
47
177
56
143
164
119
182
26
169
0
240
46
10
101
74
30
19
235
14
0
51
73
93
40
226
143
66
188
195
72
74
184
5
54
172
212
0
192
66
194
40
39
66
124
112
2
0
96
142
49
67
154
47
179
154
187
145
133
185
32
224
31
209
0
144
227
200
249
26
0
221
17
15
0
17
149
177
160
211
56
249
62
171
47
66
6
52
247
241
196
0
144
141
191
192
31
128
216
109
7
8
116
52
74
12
70
152
7
39
1
144
213
19
144
180
5
96
0
16
61
255
222
66
203
53
37
1
0
106
173
71
2
133
64
227
218
219
71
111
215
146
45
7
112
0
32
174
83
174
231
55
223
44
5
0
100
20
84
92
48
40
76
160
137
217
123
49
97
221
114
225
0
64
159
38
208
105
224
71
89
13
0
178
28
118
3
84
102
14
191
249
234
35
88
22
33
185
172
0
144
7
45
192
253
82
10
72
10
0
78
141
220
252
26
164
119
141
90
219
145
210
204
80
1
183
0
48
245
83
125
220
39
120
229
13
0
222
98
146
182
46
26
221
73
156
252
85
8
203
15
119
5
0
112
121
107
143
52
89
117
228
11
0
83
10
201
20
138
212
250
151
228
223
205
164
90
112
106
53
0
176
166
1
144
96
38
17
26
4
0
63
55
122
44
83
17
132
108
111
180
240
188
238
9
174
191
0
80
118
97
82
45
4
229
2
0
0
14
80
49
94
121
27
236
114
85
186
247
208
111
222
32
49
0
160
5
101
208
14
213
252
201
9
0
148
253
50
151
225
112
5
137
1
244
221
125
195
22
137
62
0
160
106
174
26
241
166
174
203
15
0
90
97
38
246
190
148
235
98
152
82
70
26
190
85
250
244
0
128
117
185
63
94
15
61
177
4
0
11
236
178
190
1
106
192
8
184
253
57
18
218
19
193
235
0
64
60
239
190
156
180
27
66
14
0
104
193
205
9
172
52
174
76
6
41
58
97
240
159
47
53
0
112
19
163
29
51
180
247
224
9
0
204
54
232
82
51
146
83
65
57
147
128
70
196
219
43
73
128
64
196
245
37
100
121
106
194
5
0
41
139
31
148
121
170
157
70
209
209
230
41
225
7
54
129
0
192
44
88
65
39
131
128
77
3
0
143
85
205
60
196
248
190
193
218
84
39
192
32
104
208
156
0
176
196
10
86
52
251
141
133
13
4
235
78
183
252
138
49
43
200
0
144
70
216
78
53
59
135
163
29
169
187
143
86
44
207
9
1
0
138
234
165
60
12
128
202
35
0
144
111
22
193
67
123
52
127
165
62
131
93
17
97
185
115
10
0
227
181
151
28
217
24
191
230
0
208
161
223
14
91
163
68
39
197
156
25
116
224
70
119
85
3
0
61
117
244
76
109
145
202
81
0
0
15
203
172
147
127
64
122
150
126
70
45
95
9
73
219
13
0
27
81
74
96
144
148
174
216
0
64
1
11
100
243
44
196
123
18
218
72
152
3
147
167
171
10
0
186
244
102
2
22
188
7
132
0
144
27
105
0
181
213
205
104
77
36
181
79
210
72
146
196
1
0
57
196
113
186
6
205
2
138
0
208
75
213
92
133
16
210
249
114
109
146
31
182
156
74
213
10
0
94
158
0
202
91
5
137
167
0
80
56
188
34
94
215
255
56
94
163
94
210
138
92
159
88
14
0
164
2
235
130
38
183
16
108
0
176
94
43
43
97
200
97
63
162
202
188
122
51
236
228
84
7
0
216
142
17
54
250
219
234
191
0
224
37
132
107
23
180
240
16
209
108
205
138
33
99
216
18
9
0
117
86
206
221
49
140
28
141
0
144
92
219
81
159
189
147
2
25
116
148
241
50
60
176
113
13
0
1
107
3
75
188
253
148
231
0
112
217
159
114
46
141
179
210
61
148
63
54
129
182
22
96
66
0
132
80
67
235
178
234
18
156
0
96
124
250
0
133
249
34
26
31
236
78
87
113
121
143
23
27
0
225
100
237
113
158
250
76
125
64
112
30
172
176
1
166
196
128
166
42
183
86
120
87
102
106
0
0
223
130
3
124
215
245
205
249
0
32
148
79
193
15
64
124
175
137
236
3
196
219
216
192
112
14
0
227
244
212
39
152
165
41
152
0
96
100
219
137
157
56
215
213
99
80
150
119
120
188
198
54
4
0
4
179
22
19
143
183
6
240
0
16
105
224
165
228
88
124
48
250
225
190
178
8
196
99
121
15
0
15
8
131
251
32
140
235
186
0
80
28
226
103
99
249
108
94
82
83
50
47
196
44
120
82
8
0
197
133
188
226
150
143
37
201
0
64
6
179
185
51
169
19
224
131
103
253
92
86
246
11
153
1
0
194
171
15
110
67
208
124
9
0
80
161
196
28
227
82
209
248
125
245
185
6
95
183
60
158
12
0
218
98
183
13
178
130
51
87
0
224
154
229
141
121
190
23
67
0
91
9
250
174
151
155
223
3
0
141
235
106
182
236
170
33
244
0
224
54
173
88
201
77
214
252
72
251
23
172
142
252
88
160
1
0
156
4
103
251
243
169
180
194
0
80
138
172
35
248
210
97
112
16
116
13
111
73
240
133
144
3
0
114
138
25
184
163
83
43
59
0
224
14
175
8
221
39
21
135
48
28
39
22
134
82
64
30
11
0
182
25
106
37
228
177
114
86
0
144
94
93
73
225
52
214
161
249
117
190
91
44
217
140
59
5
0
73
26
40
55
133
28
95
5
0
240
52
46
60
125
105
29
50
238
200
26
65
23
16
97
60
12
0
73
53
131
229
175
182
147
184
0
16
176
155
135
241
148
189
222
175
20
136
214
152
147
136
182
3
0
30
92
216
235
11
248
186
4
0
64
191
122
1
88
84
30
220
50
111
226
49
107
42
187
167
1
0
111
73
90
69
26
29
179
152
0
128
194
10
65
66
25
201
150
41
193
8
252
200
237
217
243
4
0
234
123
171
54
15
151
44
138
0
176
47
21
2
176
230
17
40
204
222
215
9
141
21
110
167
7
0
49
99
215
196
171
44
32
95
0
208
84
103
12
104
48
156
32
249
124
123
176
22
165
73
246
1
0
32
17
243
187
157
133
142
248
0
112
99
62
103
53
156
229
119
156
85
160
86
34
27
162
149
12
0
212
226
178
153
135
120
154
174
64
0
165
210
240
131
189
226
131
9
0
109
253
146
166
40
39
23
109
139
25
176
248
177
32
5
98
0
240
190
201
127
147
4
130
205
3
0
212
15
238
235
233
55
54
102
96
97
117
184
47
217
93
238
0
112
122
236
16
161
27
158
105
14
0
169
225
65
70
47
237
51
154
97
32
67
238
153
65
117
214
0
0
70
128
232
138
90
245
71
14
0
235
79
119
84
39
59
21
20
236
99
233
180
144
98
192
169
0
192
214
82
15
33
252
217
118
12
0
219
11
58
56
244
110
123
207
61
18
88
138
208
243
53
163
0
0
199
235
133
41
69
129
108
7
0
249
182
79
28
6
68
252
70
108
248
124
85
195
206
137
26
0
192
174
65
220
91
64
185
253
3
0
105
170
243
158
174
140
94
146
39
4
178
147
50
69
248
123
0
64
196
91
77
57
224
75
213
13
0
31
33
177
150
237
75
218
62
17
9
178
25
117
235
227
116
0
64
111
24
88
154
56
192
21
7
0
240
147
80
119
138
134
38
173
145
217
113
204
224
146
154
92
0
128
67
68
130
83
252
123
37
2
32
153
209
193
249
90
5
160
3
223
77
146
180
53
80
79
154
0
32
235
211
211
5
188
10
166
10
0
189
209
87
6
226
253
199
177
125
22
46
22
114
91
134
169
0
112
190
132
88
240
107
78
149
15
0
122
188
171
131
60
200
3
219
96
123
150
218
184
164
187
25
0
112
68
231
241
116
35
49
227
10
0
184
240
197
36
21
115
248
62
199
236
218
48
215
183
223
37
0
112
155
235
183
181
164
15
219
0
0
215
153
107
80
126
227
78
99
145
228
46
44
135
18
25
74
0
112
189
146
206
202
118
186
103
4
0
216
128
238
246
102
140
135
0
250
122
111
82
47
84
26
196
0
224
205
132
148
12
11
106
80
9
0
195
73
115
161
25
63
102
25
61
46
181
180
247
193
31
19
0
32
17
169
169
49
110
165
85
13
0
33
253
167
192
12
156
22
4
209
88
32
29
238
156
152
181
0
80
172
89
7
10
184
143
218
15
0
105
103
82
2
52
32
171
67
57
143
219
247
232
151
25
205
0
144
152
176
165
209
175
7
29
8
0
5
225
227
200
28
145
0
124
233
250
217
71
18
175
89
10
192
48
99
183
4
219
50
158
207
6
0
49
114
76
152
3
225
188
85
60
171
85
252
62
76
216
86
0
56
34
53
185
195
118
179
242
0
0
97
65
129
86
174
94
32
113
0
48
52
150
84
99
207
189
27
31
159
197
55
136
25
89
77
7
0
127
214
71
50
238
218
182
197
0
208
204
176
23
72
155
228
67
56
106
182
215
208
249
148
67
13
0
115
57
207
126
11
82
4
92
0
144
243
1
75
158
11
254
59
248
150
182
192
58
216
169
42
13
0
19
25
76
54
142
238
151
252
0
224
236
173
38
188
24
66
198
247
210
164
119
21
74
232
36
12
0
96
184
232
61
183
10
1
186
0
16
185
116
57
214
251
86
97
244
145
44
181
250
190
38
132
13
0
164
133
170
195
178
64
229
83
0
144
47
241
56
3
136
57
218
188
187
12
96
242
11
75
159
8
0
154
161
119
173
30
170
121
169
0
96
187
153
234
59
48
1
190
18
242
4
103
155
5
52
188
8
0
204
134
159
42
87
208
91
115
0
80
147
174
152
207
151
70
228
116
23
60
214
107
10
207
55
2
0
199
134
170
152
128
144
66
124
0
176
208
180
36
182
78
182
81
231
234
83
151
61
173
94
222
13
0
236
186
251
152
10
162
78
148
0
128
191
235
23
248
25
27
87
229
202
8
12
152
227
27
195
5
0
206
203
54
108
24
23
53
189
0
96
19
49
48
237
86
142
195
45
164
160
115
54
72
191
30
10
0
190
238
116
82
157
185
123
222
0
176
251
238
180
79
165
53
152
202
123
99
216
137
63
216
98
7
0
58
7
140
23
142
88
81
223
32
32
52
95
237
188
145
212
241
168
220
151
55
23
53
227
142
15
0
250
22
233
103
156
241
14
232
0
104
76
195
43
156
122
194
221
51
81
39
186
141
77
216
66
6
0
26
199
185
248
217
142
174
130
0
112
62
55
27
249
198
243
185
96
94
230
42
204
85
54
93
10
0
63
164
21
232
51
192
158
26
0
144
152
187
47
62
148
245
227
105
222
252
44
136
118
239
215
10
0
123
31
227
18
252
106
5
38
0
96
90
237
169
156
253
43
127
155
73
38
95
199
59
194
181
9
0
167
197
79
184
92
59
130
94
0
32
181
80
244
230
204
84
107
113
87
55
60
131
64
12
208
9
0
45
218
233
157
211
191
18
174
0
112
198
40
95
66
249
35
192
19
35
209
61
138
7
98
45
7
0
175
8
212
236
223
243
0
173
0
208
239
53
248
26
130
153
39
51
232
84
75
222
48
79
159
13
0
251
243
178
33
100
236
167
72
0
80
129
129
231
57
247
219
7
109
133
196
148
252
219
29
132
3
0
212
72
187
71
96
186
202
157
0
128
37
15
47
3
18
170
217
33
145
197
38
130
209
122
141
14
0
214
211
212
142
83
251
27
37
0
16
133
251
209
229
214
248
24
8
113
125
226
153
111
183
45
15
0
65
18
32
87
139
20
140
201
0
144
51
137
65
186
21
202
171
254
234
153
202
133
33
156
63
10
0
145
16
59
213
95
129
195
2
0
32
208
41
162
62
208
6
92
78
126
62
160
207
230
21
73
9
0
108
234
217
190
36
95
71
100
0
144
68
26
112
219
7
213
121
198
5
154
113
52
232
51
253
11
0
188
196
69
172
193
118
35
27
0
176
235
13
127
225
170
27
250
176
108
209
102
103
249
10
65
3
0
178
93
51
30
197
11
0
182
0
192
233
131
50
78
63
235
198
116
188
119
141
45
70
121
176
6
0
227
101
51
45
19
177
240
214
0
112
130
31
195
124
74
174
168
246
132
176
80
207
146
39
221
0
0
48
218
88
18
210
203
248
12
0
192
213
51
207
36
83
153
71
135
120
43
55
22
73
100
41
12
0
94
41
59
38
1
153
149
225
0
0
196
244
204
75
124
192
125
28
111
62
242
142
39
165
31
4
0
66
97
196
202
205
98
65
173
0
96
29
93
73
197
142
141
77
195
152
104
63
51
120
83
243
7
0
205
107
12
203
105
18
33
102
0
240
24
228
150
195
236
218
42
54
13
205
144
180
92
89
51
13
32
204
127
101
212
48
153
170
76
0
240
10
68
174
188
123
214
231
14
153
199
93
36
63
85
169
6
0
226
98
130
89
148
79
220
165
0
224
251
133
252
36
175
219
117
124
207
168
126
228
135
231
100
2
0
129
47
121
164
120
182
72
238
0
80
224
192
207
128
2
120
202
147
238
60
113
124
255
107
77
0
0
78
85
208
141
180
187
33
239
4
16
240
157
251
180
98
39
228
9
0
188
128
214
25
211
131
20
164
51
72
125
204
131
45
124
42
0
160
214
64
92
123
176
108
85
6
0
175
100
192
130
69
47
124
137
207
180
184
10
104
108
49
153
0
176
164
4
170
32
82
54
23
8
0
85
51
173
138
74
6
92
130
230
45
92
88
198
75
169
102
0
192
8
220
235
57
84
186
15
5
0
195
168
244
228
119
162
106
99
228
131
111
87
70
238
47
1
1
240
216
240
206
121
73
123
149
3
0
4
136
235
147
150
53
34
95
233
95
62
229
22
172
31
56
0
224
252
20
75
166
76
101
164
9
0
129
228
198
164
72
158
42
14
40
56
47
48
71
79
18
180
0
96
241
120
198
85
133
222
133
0
0
30
49
133
61
135
81
143
130
190
119
127
60
98
175
235
41
0
96
83
254
225
178
144
166
88
3
0
116
131
67
102
151
166
79
146
14
135
1
102
156
245
106
224
0
80
54
213
47
254
253
102
188
13
0
190
130
162
50
190
129
22
165
52
53
218
28
185
224
79
238
0
16
136
197
158
251
215
152
21
4
0
29
124
23
80
239
187
89
122
30
84
142
197
195
208
7
43
0
32
185
2
19
47
191
46
209
5
0
4
5
83
12
96
237
191
250
71
46
185
156
117
158
88
28
0
32
154
100
13
94
203
247
189
8
0
117
5
86
32
195
56
230
240
28
29
5
13
85
184
40
213
0
16
33
147
90
242
36
32
240
2
0
143
189
84
128
121
10
94
219
164
243
68
130
91
101
185
23
0
240
33
40
155
218
140
246
130
0
0
186
21
198
37
145
87
31
56
8
80
193
25
221
155
209
185
0
0
226
146
142
44
17
174
132
2
0
209
247
95
249
72
223
169
69
38
18
154
146
15
88
191
97
0
80
129
221
85
249
200
48
125
12
0
148
16
62
188
110
217
228
109
191
127
225
153
166
80
215
3
0
240
243
247
215
172
15
237
169
14
0
177
236
43
242
204
235
166
204
184
1
164
201
206
10
143
200
0
224
54
205
13
114
234
252
194
8
0
59
186
29
219
218
151
70
81
201
199
204
47
90
134
217
109
0
225
35
150
177
189
110
52
65
6
0
73
53
102
209
37
157
28
136
172
60
179
128
125
83
239
153
0
208
75
152
103
90
181
253
93
1
0
211
95
32
66
191
243
127
23
12
13
141
104
152
58
67
230
0
208
162
71
17
255
198
143
88
15
0
185
246
247
148
174
34
139
212
150
105
113
89
250
74
67
98
0
112
188
29
24
122
43
186
11
6
0
159
2
65
65
174
243
152
178
203
55
170
10
15
252
44
43
0
192
191
83
19
165
9
51
153
7
0
108
58
72
164
86
168
132
64
30
247
226
245
219
205
152
109
0
0
31
197
54
187
180
165
188
13
0
217
43
251
225
88
130
178
10
72
25
247
250
205
51
61
77
0
96
231
253
71
9
43
127
240
38
0
158
241
138
56
92
100
79
12
122
139
34
225
106
103
34
51
240
175
208
78
202
4
16
119
101
243
255
140
192
163
103
34
161
94
207
255
255
255
255
255
255
255
255
255
255
255
255
255
255
255
255
255
255
255
255
255
255
255
255
255
255
255
255
255
255
255
255
255
255
255
255
255
255
255
255
255
255
255
255
255
255
255
255
255
255
255
255
255
15
0
0
0
191
66
214
191
199
12
33
220
50
13
176
112
73
224
60
101
0
176
106
84
76
30
186
17
195
10
0
195
69
52
164
124
28
21
32
72
149
228
109
237
84
189
51
16
64
124
189
160
196
192
53
117
246
255
180
164
229
104
164
206
228
174
255
127
66
197
220
158
57
27
209
253
255
255
255
255
255
255
255
255
255
255
255
255
255
255
255
255
255
255
255
255
255
255
255
255
255
255
255
255
255
255
255
255
255
255
255
255
255
255
255
255
255
255
255
255
255
255
255
255
255
255
255
255
15
0
0
0
112
64
87
106
140
25
60
97
8
117
62
173
140
154
132
252
4
0
217
122
51
1
249
76
51
74
0
96
112
215
46
60
229
108
9
43
47
182
212
167
222
223
216
13
240
88
74
211
127
122
62
195
51
255
239
49
21
130
129
158
181
2
253
255
174
186
73
174
95
156
24
71
255
255
255
255
255
255
255
255
255
255
255
255
255
255
255
255
255
255
255
255
255
255
255
255
255
255
255
255
255
255
255
255
255
255
255
255
255
255
255
255
255
255
255
255
255
255
255
255
255
255
255
255
15
0
0
0
56
161
237
116
252
49
32
1
0
41
97
130
34
41
51
56
247
0
144
31
107
127
81
215
138
169
28
87
253
138
26
75
164
74
13
0
216
204
199
161
210
46
248
121
240
15
216
60
53
166
109
92
247
246
255
47
147
123
237
255
255
255
255
255
255
255
255
255
255
255
255
255
255
255
255
255
255
255
255
255
255
255
255
255
255
255
255
255
255
255
255
255
255
255
255
255
255
255
255
255
255
255
255
255
255
255
255
255
255
255
255
255
15
255
255
255
255
255
255
255
