-24
-8
-33
-15
-25
-37
-27
31
-24
-19
-12
-46
-20
-34
-3
-18
1
-21
-14
-24
-14
-54
-26
11
-57
-25
-8
-31
-21
-29
-8
-48
-51
-7
-26
-12
-23
-6
48
-28
-34
-10
-36
-18
-26
-10
-32
-27
3
-41
14
-50
-12
-24
-11
-14
-22
-5
-6
10
14
-17
-21
-33
-24
-7
-31
-10
-36
-27
-30
40
-25
-17
-15
-43
-14
-33
-19
-22
-2
-27
-19
-19
-18
-46
-25
22
-47
-21
-15
-31
-25
-16
-5
-45
-51
-16
-22
-6
-30
-14
40
-27
-31
-17
-39
-15
-14
-13
-16
-26
-4
-54
9
-61
-22
-17
-7
-11
-27
7
-9
6
24
-22
-39
-42
-30
-9
-28
-16
-32
-22
-29
20
-17
-38
-28
-49
-15
-36
-14
-33
3
-28
-20
-24
-20
-53
-30
-2
-65
-27
-18
-35
-31
-20
-16
-48
-67
-7
-42
-20
-32
-23
24
-31
-39
-11
-35
-21
-23
-19
-28
-22
4
-50
12
-68
-20
-15
-2
-21
-16
-28
-27
-5
-3
-17
-36
-36
-33
-15
-26
-19
-31
-26
-26
20
-15
-45
-25
-50
-18
-26
-16
-32
6
-32
-19
-15
-24
-58
-29
4
-65
-22
-20
-27
-27
-23
-15
-49
-59
-14
-36
-13
-26
-24
26
-33
-34
-4
-39
-19
-23
-31
-25
-23
-4
-46
10
-62
-16
-22
5
-19
-15
-23
-33
-2
0
-23
-45
-40
-38
-10
-24
-25
-41
-34
-14
13
-24
-39
-16
-43
-39
-42
-19
-37
-5
-39
-30
-21
-36
-68
-24
14
-70
-21
-20
-40
-40
-12
-20
-51
-63
-14
-32
-30
-25
-30
27
-34
-39
-8
-39
-12
-21
-29
-38
-20
-9
-49
0
-66
-14
-7
4
-23
-17
-18
-27
-2
-5
-13
-39
-37
-42
-7
-28
-23
-40
-27
-31
21
-25
-38
-31
-53
-23
-49
-19
-37
3
-42
-25
-20
-27
-56
-29
1
-67
-27
-14
-37
-44
-26
-15
-45
-62
-19
-42
-21
-30
-33
30
-37
-41
-7
-46
-16
-16
-34
-35
-16
-11
-51
3
-60
-23
-17
-2
-26
-21
-24
-32
2
-11
-28
-50
-33
-33
-9
-24
-14
-26
-19
-21
34
-23
-12
-16
-37
-20
-35
-11
-26
0
-26
-17
-20
-26
-41
-20
13
-51
-22
-10
-28
-24
-27
-10
-45
-51
-12
-32
-13
-26
-24
48
-23
-32
-1
-38
-10
-14
-22
-19
-10
-3
-42
13
-50
-12
-18
0
-11
-19
-4
-17
7
11
-18
-34
-29
-30
-6
-15
-18
-32
-19
-9
18
-21
-21
-20
-41
-17
-43
-12
-29
8
-34
-20
-14
-23
-43
-15
9
-51
-8
-9
-33
-31
-18
-9
-35
-48
-13
-30
-18
-16
-24
29
-27
-34
9
-42
-13
-13
-13
-30
-2
-3
-37
-1
-45
-15
-5
8
-20
-10
-12
-17
5
0
-5
-30
-23
-12
0
-14
-10
-19
-14
-10
7
0
-29
-23
-33
-8
-26
-3
-14
11
-16
-13
-21
4
-36
-16
-1
-45
-5
-3
-21
-24
-17
-3
-25
-43
5
-34
-6
-9
-1
14
-22
-27
4
-32
-19
-23
1
-23
-4
9
-25
18
-43
-13
-3
6
-20
-8
-28
-10
7
-4
1
-11
-19
-23
-2
1
-11
-3
-5
-12
16
2
-29
-25
-33
1
-13
13
-12
10
-25
-8
-4
-18
-22
-6
-19
-46
-11
-6
-9
-12
-12
-2
-20
-51
4
-56
-6
-7
-20
25
-9
-31
24
-26
-3
-19
-29
-12
10
12
-7
9
-45
1
0
14
-11
11
-37
-32
-6
-19
0
-23
-16
-9
2
1
-1
-3
-3
-4
9
10
-22
-22
-21
6
-10
8
-13
18
-15
-13
-9
-3
-14
-3
-12
-38
3
-1
-9
-10
-5
2
-11
-41
8
-36
-3
-5
-9
8
-7
-24
18
-25
-7
-16
-5
-3
9
22
-11
13
-37
-3
8
15
-8
8
-33
-19
-2
-13
9
-11
-14
-21
0
-7
-9
-1
-10
-5
-5
6
-16
-18
-20
-9
-5
7
-19
15
-16
-8
-11
-15
-21
-2
-11
-47
7
5
0
-16
-13
-5
-6
-36
8
-36
-5
12
-14
5
2
-31
6
-20
-12
-24
-6
-8
10
16
-12
18
-25
-6
2
14
-6
6
-34
-22
2
-17
7
-16
-15
-16
-2
-6
-4
2
-7
-14
8
5
-13
-23
-17
0
-2
8
-13
12
-15
-7
-16
-12
-13
-11
-12
-43
-1
5
2
-9
-13
2
-12
-38
4
-38
4
6
-8
7
4
-29
2
-22
-8
-24
-13
3
7
21
-15
14
-29
-8
1
11
2
5
-35
-27
-8
-17
-2
-24
-13
-12
4
-8
-1
1
-9
-9
10
9
-5
-15
-10
-1
4
13
-12
16
-16
-12
-17
-13
-9
2
-9
-37
8
9
-1
-10
-1
9
-2
-37
14
-29
4
14
3
9
5
-32
-2
-19
0
-26
-2
13
8
27
-10
5
-27
-6
11
13
5
0
-27
-19
-1
-6
15
-15
-10
-4
8
-1
7
9
2
3
7
11
1
-7
-7
2
10
12
2
14
1
1
-5
-3
-7
8
4
-19
14
9
11
6
-4
5
3
-20
18
-24
10
18
6
15
8
-10
4
-10
-3
-11
6
10
13
21
-4
26
-19
1
5
13
9
7
-8
-10
10
10
17
-1
-8
2
5
7
4
5
2
-2
18
15
-8
-18
-9
8
4
12
-1
19
-4
-9
-10
2
-3
-3
1
-21
11
9
1
6
-7
13
-5
-25
5
-23
13
7
0
20
1
-8
16
-20
9
-13
3
8
13
22
-2
20
-16
2
7
16
5
4
-14
-15
7
2
6
-6
-10
-11
8
-12
-4
-7
-20
-8
1
6
-12
-14
-19
-10
-7
10
-7
17
-11
-7
-13
-10
-27
-3
-8
-41
6
7
-8
-9
-4
1
-6
-32
13
-24
2
18
8
9
-3
-33
-2
-22
-13
-23
3
-9
-5
17
-12
6
-28
-8
2
7
-6
1
-17
-15
5
-8
12
-7
-13
-15
-4
1
-1
10
-6
-9
2
-4
-3
-16
-22
4
-5
11
-7
10
-4
2
-11
-15
-13
-12
-11
-38
-5
-4
5
1
-14
2
-17
-32
9
-38
3
4
-9
14
10
-22
5
-17
-10
-22
-9
-6
8
22
-14
17
-29
-3
-9
10
2
14
-26
-26
-5
-14
-8
-19
-16
-5
2
2
2
1
-2
-6
8
8
-15
-18
-18
7
-6
8
-8
18
-8
-11
-9
2
-12
-7
-5
-32
5
1
-3
-7
-8
9
-12
-32
6
-28
7
0
-4
10
-1
-17
12
-24
-4
-20
-4
0
12
20
-10
21
-27
-4
3
15
-3
6
-27
-17
3
-7
-2
-12
-15
-11
3
-7
-4
3
-5
8
1
9
-10
-20
-17
0
-3
11
-10
17
-4
-3
-15
-17
-15
-2
-9
-40
4
2
-2
-1
-10
-1
-9
-37
20
-32
-7
6
-7
15
-2
-21
7
-14
-5
-16
3
-3
5
26
-12
9
-32
1
1
6
-4
8
-22
-22
2
-7
15
-9
-11
-7
3
3
-6
4
-4
-1
5
16
-21
-21
-18
3
1
15
-11
21
-12
-11
-8
-5
-14
-2
-12
-36
10
3
-3
-4
-7
7
-7
-36
9
-33
1
7
-8
14
1
-22
19
-20
-1
-24
-3
-2
13
22
0
14
-25
1
8
20
-7
10
-32
-19
3
-12
11
-7
-14
-10
2
1
0
1
0
-5
10
-2
-18
-20
-24
6
-3
11
-9
13
-11
-9
-10
-9
-14
-7
-8
-30
2
-1
-5
1
-3
7
-10
-38
7
-33
-4
2
-6
21
-2
-13
9
-17
2
-14
-4
-6
12
22
-7
5
-30
-1
4
13
-2
8
-20
-23
-3
-7
10
-12
-11
-9
5
-8
1
10
-6
2
2
5
-4
-16
-10
1
6
17
-5
19
-4
-1
-13
-9
-9
2
-10
-34
11
10
6
-2
-6
10
-4
-28
17
-21
4
17
2
9
9
-23
4
-15
-7
-24
2
10
12
29
-6
4
-19
-2
3
12
2
12
-20
-17
-1
-8
13
-12
-6
5
7
1
4
8
-9
-2
22
10
-2
-6
-3
-6
12
16
7
11
3
-7
-16
3
-4
3
8
-13
18
14
1
11
3
16
-2
-13
10
-12
12
19
13
27
9
1
7
-14
7
-17
21
6
2
27
1
18
-7
4
7
11
15
-1
8
2
10
7
17
6
-10
-8
8
-19
-6
-19
-26
-9
11
2
-16
-11
-20
-24
-15
1
-8
9
-6
-13
-26
-7
-39
-12
9
-40
1
4
-20
-10
-9
-5
-21
-34
8
-16
-6
4
6
26
-15
-18
-11
-23
-8
-18
14
-21
-19
10
-24
17
-30
-7
-6
-1
-9
-17
2
-5
16
7
7
-2
-23
1
9
6
2
-3
8
9
2
5
-11
-20
-25
10
-16
7
0
13
-3
-3
-8
3
-16
-7
2
-23
6
2
-7
1
-8
1
-5
-32
12
-34
-3
3
0
16
-9
-8
16
-17
-4
-4
11
-19
16
17
-7
17
-32
-1
10
8
-10
9
-18
-12
6
2
17
5
-6
-2
4
0
8
11
3
0
7
12
-4
-16
-9
7
9
13
-2
17
-2
-4
-12
4
-6
-2
0
-20
11
6
10
-1
-9
17
1
-20
10
-20
13
12
8
13
6
-14
11
-17
-3
-19
2
13
17
22
-2
13
-26
-2
8
19
3
8
-27
-15
4
0
13
-7
-2
-12
-2
-5
-3
-4
-1
-7
7
9
-17
-23
-19
-1
-11
5
-18
13
-11
-8
-22
-5
-18
-11
-10
-43
-3
-2
-9
-12
-14
-3
-20
-45
10
-42
-4
-6
-8
10
-6
-28
10
-22
-10
-22
-3
-3
7
22
-18
19
-37
-7
2
14
-7
2
-39
-22
-4
-11
8
-12
-14
-12
-2
3
-5
5
0
-6
1
12
-32
-27
-23
11
-3
12
-11
17
-18
-11
-9
3
-11
-6
-20
-41
0
-1
-1
-17
-8
9
-11
-43
10
-49
3
-1
-9
3
-4
-25
21
-24
-6
-28
-19
1
21
23
-3
13
-37
-3
8
21
-11
14
-55
-26
-6
-25
1
-18
-10
-2
2
1
5
0
-6
-9
14
8
-6
-11
-14
-1
2
9
-8
16
-5
-7
-12
-7
-15
-6
2
-27
7
6
-3
7
-2
3
-10
-28
3
-22
9
11
2
17
2
-14
6
-19
3
-15
4
1
2
23
-11
18
-15
-4
0
13
9
2
-9
-19
3
1
5
-9
-14
-6
7
1
-4
-9
-3
-8
7
15
-20
-26
-17
-1
-10
3
-11
18
-14
-14
-16
0
-15
-8
-4
-32
8
7
-9
-11
-7
3
-5
-33
3
-33
5
5
-4
8
-9
-17
9
-26
0
-14
1
-6
7
15
-12
17
-23
-8
9
13
-7
-3
-25
-20
6
-11
5
-12
-13
-11
-1
-3
-5
-1
-6
-9
17
4
-8
-19
-19
0
-11
8
-11
12
-13
-11
-9
-8
-12
-6
-6
-40
-3
5
-7
-8
-12
2
-15
-38
1
-32
3
-2
-13
17
-1
-27
13
-26
-1
-18
-10
-3
7
20
-14
21
-30
-4
1
8
2
2
-23
-16
0
-11
-5
-16
-16
-6
0
-4
-8
-10
-12
-4
1
19
-29
-20
-23
-6
-3
3
-17
23
-15
-15
-17
-6
-29
-11
-3
-43
9
-1
-10
-9
-11
-1
-13
-37
8
-28
1
5
-1
8
-16
-20
7
-27
-4
-23
4
-12
-7
14
-15
18
-30
-4
1
16
-10
-6
-29
-26
10
-4
6
-13
-22
-12
2
3
2
4
-1
-9
8
5
-17
-15
-20
3
-6
16
-10
17
-13
-10
-5
-7
-15
-1
-16
-37
-2
2
-5
-5
-5
4
-11
-39
10
-40
1
3
-7
14
0
-25
16
-20
0
-21
-14
-3
14
22
-4
19
-29
0
3
17
-1
10
-33
-25
0
-16
4
-10
-10
-16
2
-10
-6
-9
-5
-14
9
6
-22
-20
-24
-6
-16
6
-20
13
-15
-13
-14
-7
-23
-3
-14
-44
-7
-3
-16
-20
-5
-3
-20
-46
9
-40
-6
-7
-12
13
-7
-29
9
-25
-7
-22
-11
-3
5
19
-18
24
-39
-10
1
14
-8
-1
-33
-21
1
-16
1
-14
-15
-16
0
2
-7
4
1
-10
9
9
-19
-22
-17
-2
-4
14
-13
12
-16
-10
-10
-7
-10
-1
-17
-41
-1
5
-4
-12
-8
2
-10
-42
6
-48
2
4
-15
12
2
-27
18
-21
1
-24
-17
0
17
23
-4
21
-28
-2
7
18
0
8
-39
-25
-4
-24
0
-15
-11
-16
3
-1
-3
-2
-12
-9
9
10
-12
-19
-16
-2
-4
9
-11
17
-17
-6
-12
-19
-15
-2
-12
-40
5
3
-2
-5
-5
-1
-8
-36
6
-37
3
9
-8
10
-1
-29
10
-24
-3
-16
-10
0
3
17
-12
5
-26
-4
1
13
-1
7
-24
-29
-2
-14
6
-21
-16
-11
-2
-2
-2
1
-5
-11
8
16
-23
-21
-18
-1
-1
11
-16
19
-19
-12
-15
-4
-17
-7
-17
-42
1
3
-4
-11
-9
1
-11
-41
5
-43
4
2
-6
3
-3
-32
15
-24
-5
-25
-14
3
7
23
-10
17
-29
-7
6
20
-2
4
-46
-30
-5
-22
6
-17
-13
-20
0
1
-8
1
-5
-12
6
7
-24
-19
-21
-4
-5
14
-14
14
-17
-14
-13
-11
-17
-5
-14
-45
1
5
-5
-12
-14
0
-11
-43
6
-49
-3
5
-14
15
0
-29
11
-20
-3
-28
-11
-9
12
19
-6
22
-27
-1
6
18
-2
5
-42
-25
-1
-18
6
-10
-15
-6
3
3
1
5
1
1
4
12
-7
-15
-15
6
-3
11
-10
16
-7
-6
-5
-6
-11
0
-3
-35
5
5
2
-4
-7
1
-6
-36
10
-33
5
7
-8
9
1
-22
14
-18
0
-17
-5
3
16
24
-8
24
-26
-1
8
14
1
12
-31
-19
2
-5
6
-8
-11
-1
6
-15
-4
-4
-16
-12
15
12
-7
-10
-19
-12
1
13
-7
18
-15
-12
-20
-6
-28
-5
-3
-33
5
7
-10
-5
-7
2
-6
-35
10
-22
5
11
9
17
-5
-30
-7
-18
-2
-27
11
-3
-12
20
-16
16
-29
-12
5
10
4
-13
-15
-13
9
5
16
-4
-22
-17
2
3
0
-4
-5
-11
7
1
-20
-17
-25
3
-13
9
-13
15
-18
-13
-10
-10
-20
-8
-12
-38
-3
-1
-7
-9
-13
1
-13
-39
6
-43
-6
-2
-9
16
-8
-24
10
-23
-2
-17
-13
-13
11
15
-10
16
-31
-2
1
14
-6
3
-35
-29
1
-13
6
-13
-13
-6
3
8
0
-1
-9
-4
10
18
-23
-17
-19
10
-2
10
-2
20
-15
-12
-6
0
-14
-1
-9
-32
10
1
-1
-4
-7
6
-7
-32
10
-39
5
4
2
10
-5
-20
19
-25
-7
-18
-5
-3
8
16
-2
15
-31
2
9
19
-7
7
-33
-17
3
-6
15
-4
-15
-2
4
-8
3
10
0
-7
17
7
-3
-13
-14
1
1
20
-6
17
-4
-12
-20
-1
-12
-2
-8
-27
2
5
-6
-1
-9
9
-11
-37
16
-28
-1
0
1
20
6
-24
1
-10
-2
-28
10
8
6
34
-11
23
-32
-5
10
14
8
1
-27
-10
1
2
19
3
-12
-15
0
1
-1
-1
-6
-9
11
8
-21
-16
-18
-2
-3
13
-13
16
-15
-16
-13
-12
-15
-8
-10
-42
2
7
-4
-5
-11
2
-8
-39
4
-47
1
6
-8
12
0
-28
8
-19
0
-24
-10
-6
10
22
-6
18
-20
-3
9
16
1
1
-40
-28
-2
-18
11
-9
-12
-10
3
7
-9
-4
-2
-10
13
10
-21
-24
-23
6
-9
10
-8
14
-18
-15
-5
-6
-10
-3
-10
-33
4
-1
-7
-12
-1
9
-12
-37
3
-43
7
2
-11
16
1
-20
20
-27
0
-20
-14
0
17
16
-4
14
-30
-4
12
21
-7
8
-33
-19
-1
-15
0
-14
-12
-9
1
-3
-6
-4
-10
-12
20
1
-13
-20
-20
-1
-6
6
-8
13
-12
-14
-10
-8
-14
-8
-4
-33
1
2
-9
-4
-8
10
-15
-32
-1
-22
5
-2
-10
27
-4
-14
8
-26
7
-16
-7
-3
2
15
-13
13
-26
-3
-5
9
0
-5
-7
-17
7
-6
-9
-21
-21
-13
-2
1
-8
0
-9
-16
17
8
-9
-23
-18
1
-5
7
-11
9
-16
-10
-13
-14
-11
-11
-9
-42
-4
3
-3
-5
-12
1
-14
-40
-2
-41
7
0
-15
17
1
-27
10
-25
2
-20
-15
-1
4
18
-14
17
-30
-4
0
9
3
1
-28
-25
-4
-14
-9
-24
-20
-17
5
-13
-10
-18
-27
-20
9
9
-22
-16
-21
-14
-12
5
-16
17
-23
-17
-18
-14
-34
-6
-9
-53
1
5
-16
-19
-8
-5
-15
-44
4
-33
1
8
0
10
-13
-41
-4
-30
-7
-28
-8
-10
-11
11
-20
8
-30
-12
0
11
-9
-10
-26
-22
5
-9
5
-16
-24
-9
2
-3
-6
0
-1
-5
8
6
-16
-18
-17
-3
-1
10
-12
14
-10
-12
-11
-4
-13
2
-9
-30
6
0
-9
-8
-1
6
-9
-35
10
-30
-1
5
-7
20
1
-17
12
-18
1
-20
-2
1
15
20
-5
15
-28
-2
5
19
-5
3
-20
-12
5
-8
10
-8
-14
-4
5
3
-6
1
0
1
9
14
-12
-20
-19
7
-1
11
-14
16
-9
-9
-5
-8
-10
0
-5
-28
9
0
-5
-1
-1
7
-7
-35
8
-28
0
5
-9
22
1
-13
19
-18
9
-14
-2
4
19
21
0
15
-23
1
9
16
-7
7
-23
-15
7
-5
13
-7
-9
-7
3
0
3
-6
-3
-12
10
11
-19
-21
-15
2
-7
4
-15
20
-14
-18
-15
2
-13
-8
-5
-33
7
6
-7
-13
-7
7
-10
-33
2
-29
5
0
-4
5
-5
-21
7
-27
-2
-19
-2
3
9
20
-14
20
-24
-9
8
17
-2
-2
-32
-20
3
-10
3
-14
-13
-6
6
-2
2
-4
5
-2
-4
14
-19
-19
-20
2
-10
5
-9
14
-7
-4
-11
4
-23
-5
-4
-34
1
1
-4
-12
-8
-4
-9
-39
16
-41
3
5
1
3
-10
-22
8
-18
-9
-16
-3
-4
13
17
-13
30
-35
-8
7
15
-9
5
-38
-21
5
-4
10
-4
-9
3
5
4
3
8
6
7
8
26
-4
-9
-5
4
15
16
-6
18
-4
-6
-14
-4
-4
11
-1
-20
17
3
2
4
5
8
2
-32
23
-30
9
15
7
16
3
-14
13
-11
10
-20
13
17
13
30
0
19
-25
3
16
24
7
4
-22
-14
9
9
26
3
-11
-8
4
-9
-6
-5
-8
-3
0
12
-12
-18
-17
-2
-1
5
-14
17
-18
-15
-15
-10
-20
-2
-3
-38
8
4
-4
-14
-4
3
-2
-38
13
-27
3
12
2
4
-6
-28
-6
-20
-1
-23
-1
4
5
19
-16
10
-34
-9
11
13
-2
-5
-31
-21
5
-2
12
-15
-14
-7
-3
5
-1
8
3
-11
20
4
-10
-22
-17
8
-1
18
-6
9
-14
-7
-15
-3
-6
-12
-10
-33
-3
9
-1
0
-12
11
-12
-40
1
-42
8
5
-2
19
4
-23
16
-21
5
-23
-12
3
19
26
-2
13
-24
-2
9
14
6
8
-36
-22
-10
-13
5
-13
-4
-14
2
-7
-17
-8
-26
-26
33
10
-18
-18
-20
-15
-4
13
-5
11
-22
-18
-14
-15
-25
-7
-9
-45
-4
8
-15
-4
-16
2
-18
-40
-5
-35
6
2
-8
37
-8
-31
7
-29
8
-27
-13
-11
-16
8
-10
17
-28
0
-6
8
2
-16
-9
-16
9
-5
-6
-16
-31
-11
3
2
-3
-3
-2
-15
11
15
-9
-25
-19
6
-9
6
-13
8
-23
-11
-12
-15
-11
-10
-7
-41
-4
5
1
-10
-12
-6
-2
-47
0
-52
4
0
-13
5
-4
-35
3
-21
3
-14
-15
-1
8
16
-19
21
-37
-9
14
8
2
0
-45
-31
-7
-10
4
-20
-15
-13
-5
-9
-1
-4
-4
-31
24
-6
-14
-25
-22
2
-14
3
-16
4
-20
-16
-13
0
-13
-17
-10
-40
-16
4
-10
-17
-7
6
-20
-42
-9
-36
9
-9
-11
8
1
-31
0
-29
-4
-22
-23
5
6
22
-23
27
-37
-17
1
4
8
-4
-33
-20
-12
-21
-21
-30
-13
-15
-5
-1
-2
-7
-8
-31
16
2
-19
-28
-27
7
-13
-1
-17
7
-28
-16
-9
-7
-17
-23
-8
-45
-12
3
-2
-15
-13
-2
-14
-44
-15
-46
10
-5
-14
-1
-4
-34
0
-31
-5
-18
-27
-4
4
13
-24
23
-37
-17
4
5
4
-2
-44
-33
-14
-22
-20
-36
-19
-21
-7
3
-9
-6
-5
-29
10
-2
-26
-34
-32
10
-19
0
-17
6
-38
-21
-8
-7
-16
-22
-19
-49
-14
0
-3
-25
-14
0
-10
-48
-14
-58
4
-5
-17
-8
-3
-42
6
-33
-11
-21
-37
-9
15
11
-19
13
-47
-17
12
12
-3
2
-63
-36
-22
-37
-14
-37
-13
-26
-4
-1
-8
-13
-19
-38
22
5
-38
-29
-35
6
-19
4
-13
7
-44
-20
-5
-12
-24
-15
-22
-56
-16
-1
-9
-28
-9
-3
-16
-56
-11
-69
6
-8
-15
-1
-10
-52
8
-37
-16
-25
-42
-10
-2
8
-19
11
-55
-14
10
8
-7
3
-60
-34
-19
-31
-11
-37
-23
-18
-6
4
-6
1
-5
-20
12
-2
-13
-24
-20
5
-13
7
-12
7
-20
-18
-4
-13
-11
-10
-13
-44
-10
3
-4
-10
-7
1
-11
-40
-5
-45
6
2
-14
4
7
-33
8
-24
-5
-20
-29
-2
14
20
-13
19
-37
-6
10
11
7
8
-43
-27
-15
-27
-8
-22
-8
-23
-6
5
0
-1
0
-28
-2
5
-29
-33
-31
16
-19
-1
-19
8
-34
-12
-4
-3
-14
-21
-22
-51
-16
-2
7
-30
-17
-4
-9
-46
-8
-67
8
-7
-19
-22
-3
-43
7
-32
-17
-20
-43
-5
19
12
-22
28
-47
-19
8
11
-5
10
-78
-44
-21
-42
-21
-42
-11
