82
134
113
86
14
49
0
7
50
139
137
152
148
1
77
140
102
117
92
176
159
123
131
57
36
171
133
223
229
138
49
195
136
239
71
72
211
67
158
161
41
4
147
11
177
114
49
251
251
76
174
189
79
170
187
147
230
221
39
117
45
0
42
142
196
106
25
113
26
161
182
85
63
174
94
133
170
123
123
136
100
102
223
191
66
180
229
23
118
210
160
210
5
208
144
7
189
193
36
78
138
120
75
80
197
48
65
75
97
133
69
173
8
249
137
61
248
238
255
84
162
34
228
12
156
248
20
215
174
211
122
37
159
63
198
22
250
231
35
197
73
249
39
73
148
80
84
20
57
18
159
15
9
53
83
240
160
199
161
1
197
197
135
215
102
236
131
247
128
226
150
14
196
174
82
34
169
76
187
143
29
192
27
109
149
174
112
230
253
233
113
198
35
17
140
47
140
2
35
88
232
5
106
127
99
117
68
178
38
75
142
133
184
48
43
184
157
150
206
233
50
56
195
236
136
17
134
95
161
153
23
72
31
185
79
241
127
205
171
203
87
150
81
182
124
245
233
168
208
95
7
197
47
37
219
52
1
25
116
203
79
102
221
114
52
234
238
64
165
75
123
147
88
83
245
214
36
249
14
80
99
24
178
163
49
234
110
140
164
87
6
65
43
144
188
24
54
100
84
209
194
35
66
72
146
120
111
247
198
243
6
98
100
239
217
152
217
247
201
106
115
143
186
124
168
187
127
102
230
236
17
38
39
222
43
148
59
169
157
70
158
86
147
144
103
137
57
102
54
157
24
96
81
150
99
94
224
103
55
76
224
99
25
247
166
73
134
105
184
143
151
40
228
129
140
241
108
16
109
212
63
36
139
18
116
150
222
24
243
86
213
162
61
192
35
25
135
245
3
80
0
29
141
197
165
179
35
189
4
154
84
71
109
191
244
137
246
87
209
207
30
187
150
121
161
45
77
215
212
93
116
183
251
81
254
19
22
33
70
238
52
90
4
20
86
195
235
229
185
251
183
234
246
81
180
179
185
164
0
209
134
113
152
228
43
205
66
212
203
80
1
35
217
203
197
134
52
127
135
216
169
30
254
225
221
91
199
187
137
192
20
16
159
157
153
28
235
73
46
182
80
100
156
234
189
49
65
74
243
88
124
213
182
212
68
151
59
50
197
37
3
71
140
115
57
32
87
251
169
77
43
57
22
157
75
84
245
51
185
79
233
139
52
160
238
186
21
77
18
193
78
37
165
50
188
85
209
96
97
159
144
214
167
146
133
17
184
253
248
136
156
172
142
15
233
57
116
210
7
176
55
215
214
46
2
169
72
121
93
40
66
251
250
251
24
111
233
50
107
143
183
111
52
226
239
123
83
213
157
18
47
25
56
134
47
54
83
20
233
187
246
109
209
134
199
169
86
244
85
94
162
52
249
69
10
46
41
147
35
243
165
53
167
33
202
44
36
29
122
65
77
139
121
15
103
60
225
57
68
226
236
229
157
67
81
22
254
3
151
219
23
150
99
99
188
244
243
76
222
162
76
5
44
13
79
210
109
219
134
59
224
221
44
190
77
76
80
87
241
99
152
102
8
35
97
247
163
32
181
96
27
112
204
106
212
41
34
44
88
143
239
172
179
255
217
226
165
147
128
27
153
149
240
143
159
161
231
22
114
75
0
83
35
18
183
69
153
160
104
0
123
81
112
58
202
20
97
39
91
254
190
38
246
232
7
133
17
5
47
7
86
121
224
220
64
1
250
7
23
162
8
87
199
84
53
12
24
83
111
156
70
207
16
35
216
222
95
104
251
155
107
124
239
103
214
243
176
138
148
152
151
41
128
99
17
212
235
246
42
120
181
38
130
33
30
201
27
241
170
39
244
64
21
72
220
63
187
196
134
61
240
202
207
109
36
217
66
23
135
208
241
161
187
205
222
188
94
183
148
81
164
101
111
67
66
216
87
139
36
101
25
206
37
18
220
219
243
82
16
12
38
63
31
32
242
101
159
47
13
118
243
130
57
130
91
101
201
18
253
73
175
23
39
68
251
163
73
191
78
11
8
154
235
73
164
208
92
90
58
222
121
130
156
247
133
43
41
65
240
179
160
242
74
247
48
92
21
39
231
183
192
2
91
50
112
195
214
78
218
179
244
82
224
166
81
40
102
214
73
6
87
90
30
202
180
21
231
129
200
39
18
121
31
196
152
204
48
236
202
156
82
3
30
10
11
34
39
74
91
70
108
58
122
5
11
94
175
46
246
214
144
236
186
151
159
149
16
80
30
31
236
164
24
63
212
90
46
132
77
46
38
28
129
70
182
11
205
135
155
84
216
181
161
110
56
124
150
146
114
209
104
136
244
251
242
255
183
83
58
78
158
158
129
82
180
218
54
222
198
129
15
234
198
221
47
151
59
71
215
51
10
157
96
141
158
63
180
9
41
1
174
28
14
55
154
190
6
133
125
20
82
5
204
83
79
216
51
190
230
33
48
171
208
168
204
73
214
6
251
20
231
220
209
106
138
29
73
47
116
88
244
126
163
128
131
255
19
209
211
1
37
9
133
39
48
116
91
248
22
146
172
190
94
33
66
228
230
12
120
182
175
248
150
46
173
116
207
156
67
118
20
195
6
158
82
252
249
202
101
237
113
82
179
69
12
243
63
18
20
62
196
182
236
171
78
171
88
108
18
10
207
69
128
221
154
50
9
247
107
57
175
51
139
143
219
131
81
161
178
185
170
62
75
138
169
110
86
43
215
114
46
122
216
214
172
118
50
149
155
53
243
41
67
1
252
206
88
204
103
4
49
162
147
76
16
162
239
211
79
159
83
140
32
137
163
80
233
29
190
237
234
50
110
233
121
145
57
102
212
29
86
228
29
130
202
157
109
47
241
133
208
21
10
242
197
105
154
172
66
235
244
185
147
237
192
56
108
246
17
57
191
80
110
31
92
139
144
23
128
48
143
248
97
59
92
143
151
26
253
142
218
130
120
147
16
124
75
50
94
87
246
128
3
115
97
96
155
236
255
35
229
15
206
83
11
122
182
3
186
188
45
134
220
74
86
204
41
6
76
54
227
91
126
62
183
176
58
159
218
179
114
219
28
77
215
223
39
186
94
49
53
117
172
174
82
233
21
114
17
22
88
214
102
205
65
245
175
55
111
86
99
26
161
150
104
127
126
1
55
251
171
122
92
147
66
202
17
155
192
228
97
184
195
99
41
136
128
135
106
222
152
205
236
130
232
24
231
25
4
248
65
199
171
32
191
19
45
51
22
147
225
99
248
119
150
24
231
152
176
65
86
96
112
235
61
170
102
134
134
34
200
24
146
59
144
142
242
149
61
118
182
111
21
148
224
170
2
175
197
108
189
246
34
191
119
133
174
233
137
82
27
198
111
134
163
116
110
231
246
100
209
8
24
194
113
160
218
214
195
11
179
194
185
158
122
40
152
198
19
14
160
230
58
201
156
22
74
20
213
229
92
114
245
189
191
87
94
184
144
242
11
2
20
184
233
200
80
15
254
117
112
31
66
113
164
246
197
98
159
131
162
22
231
136
12
176
153
78
140
167
84
200
30
95
229
193
112
59
48
213
239
81
212
160
36
46
64
134
202
236
172
131
245
45
122
231
165
57
218
191
25
230
165
12
66
223
78
63
124
176
89
2
119
111
44
16
173
255
85
81
40
16
121
142
91
250
13
23
251
131
157
198
254
196
214
222
2
236
172
66
28
245
82
45
20
229
156
231
72
106
211
58
27
196
121
190
214
248
68
178
56
91
211
178
64
35
49
169
220
58
243
61
86
58
85
134
85
193
48
107
124
26
228
235
47
56
201
230
185
108
5
168
4
46
230
239
89
234
177
18
237
210
129
61
109
46
48
118
226
206
237
30
237
131
68
94
113
143
20
172
188
58
250
250
156
43
90
199
208
183
45
165
217
38
19
149
170
231
6
167
189
6
222
196
141
102
181
164
185
74
10
115
183
246
221
148
87
137
158
63
178
162
166
4
61
85
213
186
238
159
61
138
55
136
219
62
78
22
80
57
133
83
130
143
97
57
192
59
170
204
104
130
91
235
72
250
151
150
183
88
145
144
94
220
9
200
165
89
220
2
167
193
218
124
20
90
98
216
161
111
178
153
74
161
201
185
48
74
147
248
161
212
174
158
73
231
15
6
121
68
77
208
78
80
153
247
100
28
215
190
1
77
160
148
8
50
168
41
76
73
179
237
134
73
80
207
205
238
135
58
252
247
17
80
184
59
178
73
143
25
9
84
70
164
196
111
196
57
103
28
250
214
48
79
40
233
65
2
112
165
186
158
198
190
46
152
198
78
33
106
232
162
12
100
160
156
198
115
62
150
47
118
151
233
130
91
176
190
45
138
227
164
8
210
185
158
4
78
170
163
37
134
176
12
53
188
97
128
106
94
134
166
211
54
204
82
232
118
78
124
12
45
86
22
86
14
162
39
193
175
9
16
150
248
248
32
233
172
129
32
208
186
222
75
74
217
168
175
36
22
192
187
98
197
250
115
134
5
18
226
175
143
102
147
134
52
76
105
160
237
225
218
160
66
97
25
203
172
105
236
92
4
135
123
131
158
233
61
233
111
84
124
35
131
186
49
63
58
253
254
160
163
95
183
218
150
169
97
8
241
166
179
250
153
85
12
114
156
246
207
108
17
85
158
81
105
53
236
144
41
105
41
52
155
134
172
204
97
235
168
249
59
8
66
21
255
185
132
43
96
76
131
154
150
105
110
76
221
29
64
149
244
66
88
116
173
144
26
15
67
238
49
68
199
234
180
119
1
247
228
16
228
10
134
115
222
136
8
31
38
48
87
156
124
22
156
108
143
233
247
145
22
21
203
246
16
101
237
54
250
214
79
112
99
252
241
32
203
249
222
221
191
66
10
32
211
169
104
128
97
89
174
229
177
176
81
83
150
190
223
102
184
233
0
147
119
202
170
187
191
39
158
131
167
225
206
20
248
214
2
19
190
47
210
224
1
227
114
232
87
125
86
39
77
232
129
139
4
41
141
18
142
212
134
239
152
182
20
139
195
226
191
222
201
136
16
111
75
151
3
56
158
120
119
233
172
223
225
91
131
220
83
24
230
36
149
201
207
219
42
199
116
178
76
199
224
162
174
209
187
111
108
217
103
199
170
191
246
192
19
165
121
46
107
42
238
121
80
160
146
52
102
129
141
246
128
59
222
61
246
68
205
225
0
75
28
187
204
190
95
122
245
26
253
224
100
23
130
243
201
42
153
24
8
227
55
184
226
39
94
1
146
251
99
167
46
48
10
127
144
1
241
45
173
124
45
64
243
37
142
159
155
194
204
148
92
139
102
242
187
59
42
53
75
98
104
236
177
243
203
233
244
192
29
198
171
251
81
60
253
8
78
63
240
199
71
211
37
118
80
211
40
20
241
255
73
125
100
13
10
66
254
70
101
132
0
148
212
204
3
246
243
125
181
105
23
13
149
215
146
111
245
144
157
241
199
118
106
164
242
19
196
217
249
45
77
66
248
119
148
251
101
167
169
130
78
156
236
247
74
237
245
221
251
174
245
66
185
15
128
151
255
220
55
153
242
206
244
93
168
51
225
218
203
205
23
228
178
177
254
63
6
154
104
17
127
7
3
137
251
234
225
217
53
124
207
18
223
176
53
66
227
136
47
145
134
100
183
79
237
153
194
224
50
173
146
193
237
25
84
31
85
16
133
197
227
78
227
191
181
131
28
183
179
228
4
59
165
24
33
180
252
58
168
254
87
186
14
103
255
12
155
165
246
233
230
77
17
131
13
22
75
182
69
207
151
218
245
17
64
85
53
194
115
119
162
4
213
226
68
121
78
215
226
73
79
149
192
193
101
95
2
163
242
17
54
13
161
141
3
168
48
0
90
208
56
118
4
65
194
217
164
201
91
13
87
74
24
205
58
47
89
32
39
199
233
62
2
49
125
55
210
49
40
215
222
249
3
83
231
150
53
159
73
208
81
233
226
42
97
218
8
240
100
144
41
171
55
108
168
161
130
170
62
60
69
88
20
186
162
188
1
176
69
72
164
26
16
57
245
8
140
222
37
61
124
20
186
86
74
243
159
45
105
99
155
65
193
60
43
240
164
13
224
161
174
121
160
93
203
40
117
153
222
108
17
69
58
81
147
15
136
47
232
8
36
193
223
189
160
163
227
107
43
46
49
255
128
2
95
188
102
201
183
216
20
55
249
78
3
3
90
125
166
168
114
11
248
105
119
76
0
3
9
152
163
168
77
118
78
248
16
98
64
144
167
248
55
119
238
251
117
228
119
103
201
36
238
54
193
93
129
36
234
169
129
117
61
34
167
161
228
210
98
54
141
155
98
120
114
169
12
86
249
63
215
159
94
176
84
85
88
120
210
244
74
15
124
59
158
135
211
162
137
84
213
11
50
127
62
162
52
241
249
76
28
71
205
31
221
143
179
243
94
173
101
112
224
167
78
184
43
248
227
0
230
200
49
147
248
59
157
111
153
59
38
106
133
60
161
78
248
174
167
117
10
223
61
85
198
31
105
238
20
23
136
248
162
67
249
77
80
100
160
46
167
81
78
71
124
76
190
60
225
59
227
81
63
16
234
104
179
186
84
206
144
108
7
18
120
182
239
109
88
129
111
125
79
137
37
167
180
51
49
89
9
253
124
240
189
106
11
24
85
137
188
88
49
223
116
54
131
252
7
120
41
210
218
129
222
253
37
205
223
85
192
69
201
250
32
187
21
157
91
106
34
179
86
192
33
215
226
23
86
120
158
224
14
3
70
50
183
98
15
160
14
129
0
26
122
106
157
17
93
241
192
129
62
109
69
91
147
54
94
235
92
124
149
79
7
135
30
225
184
40
167
46
64
88
143
44
18
89
182
4
38
31
57
184
70
186
246
245
246
47
60
247
72
7
174
220
237
