130
70
228
161
115
185
86
154
1
155
84
158
88
115
187
115
5
163
120
102
205
204
31
106
54
11
215
23
205
18
228
93
19
61
35
30
51
240
110
236
141
210
199
57
192
167
80
142
161
74
211
29
175
27
14
157
58
193
99
252
174
109
172
179
142
132
123
112
30
224
175
93
253
31
98
174
167
124
242
254
68
45
97
139
136
7
207
7
66
97
28
191
25
99
123
83
210
113
131
63
118
35
64
182
170
219
115
98
97
201
33
170
145
154
193
26
254
216
34
28
119
216
203
185
111
118
93
225
103
241
12
239
92
247
92
29
242
212
86
71
27
197
107
66
206
224
235
59
9
145
15
40
227
158
23
28
92
166
165
70
131
171
45
95
143
45
35
144
168
137
232
194
82
38
166
80
121
192
56
28
83
241
168
185
85
51
172
12
247
239
3
195
176
63
165
43
69
165
248
44
155
239
11
197
255
81
205
107
203
148
242
72
190
188
193
176
153
158
183
212
110
161
218
211
122
224
18
53
244
146
188
131
246
5
250
149
253
135
0
186
213
154
190
104
180
191
5
6
103
92
68
143
128
93
99
57
114
201
206
58
1
108
47
171
101
152
16
187
230
247
159
14
11
21
235
191
165
138
200
238
135
97
158
205
125
190
151
202
89
184
212
95
118
122
71
131
59
240
136
127
52
128
169
139
170
138
89
181
31
155
140
119
135
23
115
120
202
25
92
157
220
17
145
253
34
229
17
8
250
92
45
139
22
54
198
154
219
107
68
149
225
156
208
122
166
55
143
251
113
185
104
100
58
27
12
77
137
150
66
193
118
198
245
98
140
163
46
83
69
193
214
115
207
85
164
94
36
1
55
63
30
7
105
133
217
247
103
7
232
117
129
24
89
71
223
43
225
127
29
114
250
192
81
87
186
153
222
196
82
211
134
87
2
98
123
83
130
226
66
198
176
55
144
240
58
247
98
5
239
173
194
161
8
22
158
73
120
38
50
196
2
43
26
29
202
248
161
250
159
4
105
122
255
119
98
38
201
211
78
248
30
52
100
66
52
68
53
214
242
75
205
40
17
244
45
193
244
231
200
153
28
23
146
20
174
215
192
229
198
235
121
10
40
150
207
118
148
81
224
49
194
255
97
8
151
93
211
36
217
66
208
90
160
5
144
247
111
66
226
47
80
65
116
105
168
70
79
78
19
78
138
21
27
99
122
55
133
59
25
34
11
56
35
138
56
188
198
160
96
106
13
73
241
7
111
108
190
149
53
91
42
157
3
117
134
255
78
21
229
16
41
33
172
216
48
56
216
23
35
69
129
184
54
44
75
71
110
238
75
156
71
209
101
202
125
123
144
45
221
248
53
230
149
217
1
237
67
128
237
43
114
77
253
127
103
17
14
71
67
135
213
13
2
78
129
241
193
163
85
87
201
12
111
34
19
54
25
52
218
200
122
0
66
157
123
236
242
172
35
230
96
186
120
14
117
44
85
102
71
130
77
73
226
116
102
84
12
10
240
165
71
120
251
135
46
35
96
63
161
80
100
104
94
58
27
121
194
42
130
196
2
233
68
217
94
221
137
97
240
14
67
96
111
82
1
202
232
127
175
118
241
59
189
237
21
215
92
197
22
170
84
230
245
103
205
98
147
178
204
117
203
30
210
4
196
102
113
119
12
160
118
100
29
23
158
41
199
55
8
167
233
181
127
226
217
218
92
236
143
252
3
230
68
249
251
76
63
114
54
85
6
4
104
63
213
239
17
142
74
178
238
12
195
133
239
242
246
0
234
240
195
85
18
232
135
201
207
137
173
108
166
93
95
225
100
248
216
166
54
212
86
61
99
75
225
1
154
208
205
105
204
209
122
116
184
57
180
255
106
159
246
96
171
117
119
175
125
206
128
85
85
195
158
180
91
122
18
60
109
221
43
242
86
116
211
67
11
157
119
156
215
181
33
10
137
154
165
149
160
86
226
118
199
189
128
91
113
178
169
228
68
73
225
213
189
35
144
57
227
242
55
43
68
144
147
30
209
241
47
222
191
226
153
42
236
229
173
251
95
57
157
26
113
242
235
13
56
75
113
33
251
64
243
185
188
182
201
68
114
109
107
99
58
127
194
31
226
222
31
32
254
185
43
95
101
225
254
201
205
130
214
74
101
162
39
183
209
245
138
233
163
250
244
47
13
28
186
71
182
161
240
113
16
206
115
131
110
57
39
249
40
169
108
206
121
90
36
112
147
240
216
125
141
131
82
92
90
144
79
200
240
60
34
51
217
70
168
45
0
109
246
57
93
216
140
76
233
212
1
4
189
236
218
184
10
164
198
171
169
108
190
87
51
33
173
104
87
75
45
125
136
80
84
57
175
34
221
21
190
241
87
190
158
69
123
134
1
19
57
146
7
184
214
173
28
197
161
137
186
185
176
53
135
172
244
85
120
15
61
207
9
190
21
40
155
150
6
212
215
243
7
116
243
245
18
137
119
92
234
4
99
87
163
92
182
29
38
104
220
66
190
93
215
41
218
74
248
166
226
217
102
24
198
251
131
129
68
120
204
229
131
238
133
85
91
199
74
163
41
194
210
208
103
229
255
213
248
115
226
172
146
179
218
156
249
221
28
226
226
34
129
32
161
106
12
170
201
224
249
95
134
22
152
15
61
47
52
71
204
13
124
78
121
206
121
145
151
172
54
189
231
227
45
87
123
200
140
205
187
76
156
30
151
224
174
240
15
160
175
59
64
177
192
36
151
102
92
126
168
167
136
164
229
98
138
224
25
27
6
112
57
142
81
105
226
8
51
240
26
75
191
104
165
162
117
67
18
159
6
66
102
72
209
144
14
84
141
194
140
32
206
10
110
223
167
31
49
106
164
224
81
139
87
109
97
129
156
100
255
10
163
88
118
195
168
15
130
40
127
231
40
108
9
110
25
51
168
200
98
175
250
58
201
66
160
67
247
45
227
37
65
161
210
163
68
230
175
45
241
13
26
3
229
110
30
176
249
101
213
33
102
168
149
48
14
31
208
171
90
16
231
206
127
60
185
197
56
130
252
53
54
196
192
31
191
152
111
232
146
66
64
184
159
83
192
100
89
43
180
25
120
121
24
216
231
252
97
209
70
26
22
17
226
143
188
110
204
37
64
117
11
110
246
248
118
184
108
22
56
141
242
205
41
85
184
94
44
157
136
154
188
27
9
255
248
66
165
150
241
99
198
251
34
182
187
40
73
119
238
247
251
207
231
73
117
68
115
101
133
70
26
204
227
191
54
177
200
3
119
50
181
239
240
101
71
150
206
111
143
247
14
70
49
98
148
197
182
221
114
147
208
41
125
31
247
80
195
230
30
142
194
189
168
120
226
58
249
11
114
183
28
7
152
194
193
83
67
175
244
160
156
103
185
86
209
51
48
221
151
139
210
152
221
61
11
64
141
0
8
170
121
75
103
237
141
84
84
184
232
188
147
214
5
248
131
120
18
58
68
154
107
174
126
95
248
19
29
42
42
231
156
10
193
111
208
122
109
95
214
174
127
172
203
50
246
185
192
124
51
175
177
31
242
71
243
60
3
182
80
164
42
79
225
229
61
21
48
109
180
6
38
155
237
178
46
220
53
174
143
214
45
249
171
77
37
181
77
171
207
218
174
111
196
150
117
101
10
129
105
225
225
128
106
33
220
161
134
180
200
118
79
185
2
170
143
215
71
211
38
177
23
207
31
15
132
154
76
188
54
170
180
179
156
20
12
15
38
53
75
39
149
28
148
234
44
76
204
5
108
118
214
5
81
218
255
198
73
42
122
73
24
210
133
173
174
246
28
28
212
118
55
161
68
74
219
158
136
226
82
254
52
129
31
154
2
214
240
164
161
7
7
51
137
223
35
239
189
168
159
100
103
118
72
164
192
85
146
17
97
240
254
238
42
228
110
209
110
113
156
125
9
12
229
105
2
128
46
69
171
21
53
226
172
218
79
192
98
105
132
11
241
212
61
217
181
210
40
209
175
8
27
187
107
154
167
206
80
147
36
68
217
45
88
190
198
79
21
169
203
104
168
82
35
190
133
10
198
25
115
229
216
219
203
245
135
133
89
22
12
223
108
171
98
193
190
29
31
79
7
157
198
171
241
133
152
2
201
179
149
253
102
208
216
176
193
25
244
87
187
43
64
182
246
215
34
116
38
210
144
191
124
74
55
35
136
45
202
65
163
174
209
207
245
153
82
46
59
25
232
104
107
105
140
220
140
236
90
13
231
173
124
137
70
150
164
205
120
149
129
190
3
171
221
10
24
144
27
106
247
135
12
132
252
26
19
43
101
6
115
211
16
128
158
121
215
176
137
6
198
105
68
73
110
247
206
183
67
15
81
198
181
52
250
92
100
166
224
78
1
182
65
11
250
90
166
143
82
123
123
128
152
172
67
69
187
214
11
207
167
117
185
193
208
22
217
34
173
145
174
60
39
229
250
31
110
177
236
182
40
177
12
87
73
22
94
115
236
233
246
172
192
236
185
5
200
21
219
70
231
77
58
62
248
46
238
88
237
224
95
162
251
145
204
39
193
1
177
125
254
81
208
77
188
69
217
2
198
148
36
228
158
18
152
233
124
70
118
29
36
100
103
115
141
174
89
180
119
216
190
204
64
181
135
209
166
20
94
199
75
51
209
25
19
21
217
138
34
102
107
173
18
32
169
220
6
128
144
233
95
120
89
248
7
28
20
106
161
162
177
69
160
22
87
120
100
113
6
108
141
96
211
4
88
249
212
196
128
206
93
75
220
131
251
59
76
108
120
89
148
254
9
208
139
113
84
17
187
15
173
39
5
247
174
165
3
231
141
122
33
81
21
58
237
38
41
132
53
195
0
88
126
0
19
253
193
39
149
222
90
151
82
42
124
42
164
147
107
148
162
185
97
198
3
191
11
218
132
69
32
220
40
155
62
230
7
208
4
19
92
200
40
116
25
115
116
184
215
190
157
17
197
208
82
100
230
179
156
223
1
145
158
189
109
39
26
33
243
111
36
213
157
85
65
163
27
194
201
22
78
85
55
251
206
12
50
183
170
101
96
36
89
89
91
1
151
136
207
52
125
193
246
203
178
201
41
14
136
109
194
128
120
151
146
244
13
157
46
90
119
107
173
92
17
215
129
127
166
247
172
145
235
123
47
83
213
35
86
216
239
118
8
86
90
81
140
189
223
189
233
235
38
188
119
66
235
46
54
79
52
36
234
0
195
108
254
139
87
180
193
61
79
41
30
120
119
9
208
39
98
57
207
234
155
129
226
224
254
25
122
23
44
204
158
115
161
32
69
160
246
89
153
107
13
137
246
221
115
19
134
204
200
253
115
201
73
52
73
95
193
56
63
252
149
65
8
155
162
229
138
177
86
179
101
40
198
248
127
15
38
56
232
238
246
207
131
20
91
113
148
162
222
155
8
231
37
199
100
194
254
231
176
103
71
15
162
13
150
248
216
92
0
49
223
120
23
165
24
212
6
203
157
80
190
232
48
159
7
79
216
75
221
181
221
181
0
158
228
136
30
78
114
20
102
245
235
213
19
188
150
19
38
85
36
77
36
2
201
65
9
92
106
79
139
69
128
162
87
99
186
184
119
86
141
249
4
237
229
17
144
166
162
167
225
30
180
236
87
195
65
0
134
2
140
165
224
96
181
132
252
158
217
180
255
101
178
6
174
108
175
232
239
251
178
110
150
230
9
76
148
153
239
242
149
185
125
205
77
236
213
218
255
100
209
34
126
210
26
40
116
36
212
124
61
40
4
100
122
135
128
242
86
79
233
46
190
6
227
100
247
78
41
182
239
109
220
92
223
239
237
156
208
49
213
165
213
61
161
234
104
170
5
215
167
6
208
114
82
20
100
206
112
222
219
104
32
232
151
24
58
171
201
123
81
40
180
52
83
145
191
196
58
159
166
220
203
240
81
102
38
108
2
224
199
48
168
122
235
31
188
184
186
174
28
154
171
200
68
79
164
175
186
253
103
174
13
145
56
36
80
101
33
229
93
94
210
156
148
31
120
44
211
23
87
250
210
125
150
61
0
121
171
28
201
220
35
138
125
207
202
141
197
196
2
84
145
127
242
136
85
64
89
33
166
88
205
214
66
126
179
102
15
227
213
153
32
220
98
55
141
179
171
100
139
40
10
79
66
92
117
157
198
248
41
191
221
227
128
44
91
93
30
55
147
26
93
179
174
206
177
70
150
143
244
59
206
247
224
252
252
11
0
39
240
65
102
215
240
240
222
224
228
208
149
255
195
78
49
164
190
147
138
56
234
210
159
141
191
60
202
71
11
119
135
215
110
59
19
31
178
150
59
167
92
139
163
140
32
29
98
159
125
31
242
168
147
228
254
118
105
254
162
237
71
173
212
206
219
27
157
146
57
210
113
219
22
108
100
7
233
231
222
44
32
197
250
125
153
155
72
191
72
195
137
106
122
17
239
66
97
90
172
142
65
167
184
251
164
69
111
132
126
40
58
95
143
59
66
14
179
151
40
39
145
32
84
139
179
47
40
173
22
94
19
25
162
153
137
227
36
133
165
81
223
251
49
198
247
119
42
233
186
147
251
10
146
43
144
58
37
41
228
247
122
8
175
135
127
3
79
41
40
141
84
205
95
227
93
23
190
49
63
164
204
148
215
228
73
204
158
137
251
25
34
102
179
138
105
24
110
52
28
209
111
129
203
31
169
139
59
39
182
235
180
189
231
175
67
13
42
254
71
68
12
97
53
110
254
98
117
93
75
130
136
54
64
172
104
13
166
234
57
66
5
213
248
149
217
230
217
92
94
29
16
87
174
231
250
172
55
4
81
78
7
221
89
108
154
178
241
253
72
118
133
99
223
167
93
77
214
245
204
47
207
157
229
56
115
214
185
92
156
28
196
113
84
118
38
39
78
92
215
162
169
27
47
65
213
177
253
106
198
224
