-15
-127
81
-88
107
65
-2
81
-102
-40
-29
101
30
-128
56
5
3
-63
-60
-91
-7
-81
-122
-4
-36
-14
-94
-116
-16
-127
-103
-44
-31
-109
-9
73
18
41
38
122
58
-95
-77
-30
51
-22
92
43
56
-108
-34
-5
51
50
-40
7
36
72
58
71
-121
36
60
-15
25
-108
17
61
-82
104
-43
-47
-45
121
24
112
-81
-110
3
-37
-108
51
-81
-31
91
-18
-111
-96
-48
-20
-70
-27
124
-107
65
65
29
-106
81
20
-109
-5
-73
45
-26
-119
-20
77
-50
-19
117
78
25
-75
-70
81
46
-50
7
-64
39
82
53
96
-99
39
-113
-3
-72
-67
115
-78
67
39
-90
81
-86
84
65
60
93
81
58
-18
-76
-12
-35
70
-123
108
78
106
18
75
125
-98
85
22
-36
67
-52
17
-3
-31
9
-20
-71
-103
52
-105
97
102
-70
-93
-124
82
25
-41
93
95
-117
69
11
-90
28
82
102
119
-126
84
16
15
-28
-116
126
76
-105
-56
96
-94
86
-104
47
-21
-54
13
54
105
61
-26
-10
-81
-26
-44
13
115
106
-102
-85
54
-23
63
22
-18
-10
97
123
-108
119
-98
-71
-31
-5
33
76
-120
-36
-112
-112
66
64
122
107
-13
-43
60
-81
-117
53
30
116
14
98
26
85
67
-33
-68
107
-115
6
56
-79
64
-114
-128
68
-33
-35
42
-33
-67
-112
50
39
-78
105
53
-46
-6
-88
-32
95
-68
-18
66
-41
-118
32
-20
-18
93
-80
-127
31
10
24
-121
-116
58
43
3
-121
-93
-71
70
-53
-52
-90
116
-100
118
-12
91
-109
-115
-92
-65
-15
73
-107
-84
-66
51
43
54
57
87
-71
-53
70
-127
113
-3
-27
84
-68
19
47
47
120
24
-36
12
50
52
60
-47
-10
43
7
-60
-4
-62
-29
-79
59
-93
19
-51
111
-21
-86
91
22
54
-48
-27
-75
49
-22
72
48
-100
111
53
-39
49
108
26
32
-27
-81
-46
56
-99
30
113
13
77
51
-92
-66
73
66
114
100
93
38
78
31
116
1
-55
65
87
-38
95
89
-48
-122
61
-52
64
8
34
58
-81
-12
-5
-36
-27
-106
-37
-21
-44
-13
-85
-51
56
-48
25
-117
-6
-28
-63
20
-109
-66
2
-122
101
113
23
105
105
-71
-10
-72
-24
-28
9
-84
85
44
121
125
61
-37
-97
-98
45
68
75
16
101
-5
83
68
18
-32
-61
31
-119
24
-114
77
-75
-11
63
-78
53
-107
65
-51
38
48
-107
-125
-80
-11
23
120
53
77
113
35
-47
-101
-88
14
40
-53
-106
76
-64
-95
115
-103
97
17
82
-70
-61
-58
-86
12
-96
13
109
45
53
-10
38
10
29
-126
119
-78
-44
127
7
58
18
-6
-120
-88
-83
57
120
-102
-94
51
97
-121
60
-47
65
-93
-75
-105
84
-47
84
-72
-39
-122
-10
20
122
56
125
113
-92
-4
-118
-65
-50
-86
-109
109
103
-29
-128
110
-17
7
53
58
-27
32
-102
47
-57
-97
40
84
-5
80
44
59
-17
-55
125
70
-86
88
89
-52
121
72
55
51
-113
-42
100
-37
5
-116
83
-104
0
-111
106
32
32
93
75
0
11
-95
-103
1
-9
6
95
-95
-2
-12
63
-75
122
-14
59
-41
-123
-56
62
-98
119
-69
-21
-123
15
113
115
53
-100
54
54
-61
-116
98
109
113
86
-124
21
67
92
51
26
-63
53
70
-26
47
-36
-12
44
53
-125
-78
-102
120
42
77
-61
121
-88
-45
-81
59
-62
-28
-27
-109
-14
-34
66
3
-3
14
17
123
92
79
123
-112
81
51
110
-97
-55
24
53
15
61
115
-88
-63
12
91
-105
48
0
89
-12
-123
24
-9
-58
-70
-87
-61
19
57
110
116
97
-84
114
-77
2
118
-86
-46
-45
-98
-114
-110
30
121
69
62
-60
-102
12
-113
68
-65
13
83
61
44
-74
-106
-122
97
-2
-102
-40
99
43
-14
66
-81
74
91
89
121
65
-11
-6
-12
-14
43
25
37
-14
-82
-52
41
-73
-98
-127
23
18
105
-71
8
-47
-2
-19
2
7
-66
-62
73
-63
-29
53
-67
94
73
-120
94
-96
100
92
-35
-10
-115
-55
46
-3
-15
-61
-7
-91
44
92
-126
-81
10
30
-101
-63
65
10
-58
-41
-112
-68
-81
123
49
-32
30
-67
62
52
-25
48
-36
11
-110
-89
-90
-106
-2
49
-89
90
-112
-101
0
30
-70
23
-63
-55
23
-116
38
1
-125
-85
99
123
25
-105
-15
-36
-123
-55
-110
94
-25
23
-20
101
-65
126
106
-104
64
26
-42
83
-106
-26
-102
-12
38
67
99
-6
56
123
-20
120
97
-23
38
-118
123
-2
-82
23
28
109
18
6
-81
-7
-111
118
-122
91
-3
-78
-45
-124
88
86
4
5
112
37
-88
-45
96
78
-32
-122
88
-48
-76
44
-47
-76
110
59
-69
-88
-50
-50
108
-118
92
-103
91
23
103
-74
-31
-7
32
-29
127
112
98
-4
114
116
36
-113
-122
117
2
-31
102
22
120
104
36
54
108
-39
91
4
5
-106
98
-54
-128
-19
-3
101
-115
13
63
43
-11
-13
-104
29
-62
-20
-12
99
77
-117
-30
4
56
-106
-90
7
55
26
-50
-114
107
98
-27
-126
32
126
-52
58
95
70
-81
74
-73
23
-48
59
113
-54
-65
104
-18
-52
-4
77
-119
125
85
5
29
11
109
2
-77
-56
95
-5
-67
-27
112
122
-62
54
6
-74
-78
-26
2
-22
-95
84
-105
-92
101
-87
-125
14
-48
-121
12
72
-77
-34
76
11
-103
-120
-127
32
-4
-121
66
-97
-97
-96
-4
21
-46
-31
60
-12
-109
-26
4
-122
122
-98
-5
-16
-96
50
-2
-38
-17
-16
-102
-19
114
-67
-69
-78
124
-77
-66
-58
95
68
15
31
9
29
-52
-87
-113
-119
71
6
-68
116
-61
35
106
38
-50
-44
-72
-116
88
21
-59
-3
-80
48
-33
-55
-54
-93
-7
121
-33
14
23
107
-10
-96
16
-47
-94
-62
-75
3
10
6
-36
-52
-8
-117
86
33
-74
36
-41
-22
53
7
-90
-20
-19
-115
39
-104
-9
59
-108
7
-118
48
-80
94
-37
-72
84
42
80
15
33
59
69
27
71
-23
91
-45
-25
85
-49
61
-109
-25
-104
-81
-120
-42
68
65
-83
-45
-14
-34
60
-113
-45
125
-83
72
-71
25
-2
-65
99
94
84
-53
10
123
69
42
-44
-117
-76
-45
100
-39
-27
37
85
-118
-88
-124
-97
7
91
-86
98
51
5
-2
23
-36
-53
-123
-28
-58
-19
-123
60
-19
93
-28
-71
-118
98
-59
32
72
-111
56
-101
-97
1
-86
-49
-85
-123
77
111
30
-66
-83
-50
4
-125
54
-56
99
-77
-80
14
-102
77
-12
-7
76
64
-26
-2
91
-72
72
8
-22
95
24
78
-36
-16
-56
65
-75
20
75
71
-89
95
78
-88
-54
58
-9
-60
12
41
-104
63
-72
-102
-48
75
92
-97
-85
-60
-124
10
43
38
24
53
65
33
-106
96
81
50
108
-91
91
87
-92
79
-30
54
117
50
-39
64
103
-114
84
79
-89
-75
110
27
37
37
-80
-98
-57
72
-121
50
52
65
-28
85
83
-86
121
-20
-69
-101
120
-70
113
-39
54
-93
119
17
-20
4
41
121
-89
51
-115
127
107
47
19
-42
34
-19
44
94
74
91
120
-63
-33
-92
-50
126
59
-101
-80
98
-109
13
-54
-46
103
119
-76
112
-76
-117
-50
-22
-90
-20
48
26
31
-13
-62
-38
67
-69
-72
31
-62
-24
-54
63
84
2
-73
-41
21
41
-2
50
99
120
44
34
-107
-29
37
-55
-67
-85
40
81
86
-93
0
-28
-114
-94
105
-70
-40
-35
-59
-77
32
66
-5
-18
-62
-106
-34
126
75
-108
-48
35
-19
-12
-82
75
41
31
53
14
-3
120
108
22
119
-106
89
-116
-9
-47
37
28
-36
-12
-24
-5
4
94
-10
-103
-109
-99
66
7
77
119
-71
0
-86
9
63
-16
-110
-19
-55
29
93
1
-75
-78
67
-89
116
-6
-71
-51
53
-89
5
-91
57
122
110
108
-84
18
-44
-22
41
-9
30
-68
-34
-54
44
-102
50
-125
-114
-5
-23
-48
97
-18
13
-59
53
46
-14
72
-68
-42
9
117
65
49
-55
-115
-28
30
49
61
71
80
50
21
-39
-18
86
-55
-86
114
126
11
41
23
-26
-53
53
-53
-59
-105
-9
-88
116
-92
38
-81
-75
106
104
-10
75
1
117
-20
84
101
-95
50
-128
103
-59
-13
-76
-11
85
-16
74
-110
61
7
112
-37
-68
9
-119
-88
-103
23
-91
99
69
-10
66
-71
-17
112
-2
19
-48
105
-64
34
99
69
107
67
1
-60
-50
-51
82
-94
-82
-39
-85
-62
-78
0
27
50
-89
-17
-14
-61
9
-12
33
-106
77
64
122
-89
13
101
41
25
-101
24
89
-126
-8
-49
-35
-123
39
69
-9
86
11
76
96
-50
48
-119
39
-64
122
60
28
-53
32
-107
-94
-24
112
-75
-16
-31
-81
50
-22
-24
-9
-124
93
53
-32
-81
118
72
-116
-64
92
13
-60
-69
14
29
18
95
29
-112
37
48
18
83
0
54
120
-120
24
-63
-39
40
48
-29
-104
-28
-76
-26
44
-65
-70
-98
46
-103
16
102
-73
-123
-100
-33
-36
-77
14
-21
29
20
-126
-107
-93
23
38
-9
116
7
78
70
-32
-99
-68
127
-60
2
-20
-100
-98
89
67
125
-10
-121
94
-44
-88
-21
-128
-52
-10
-54
-17
-90
24
53
-89
102
76
74
93
-71
87
3
53
-55
-77
19
29
-74
114
120
93
-100
38
3
-30
-110
-52
-7
40
47
-4
-19
-89
4
-47
43
-116
-87
72
69
-77
65
1
48
12
-125
-116
102
-93
-79
121
19
104
-50
-120
85
-93
0
36
-44
90
29
107
99
-86
-47
74
83
45
-11
70
77
-30
2
28
94
51
-54
112
-73
-125
-109
-120
-59
-13
-39
91
-60
-34
75
99
-61
118
115
-53
-81
10
-10
107
-117
-20
-104
116
-65
87
-53
-78
14
-3
-120
-122
83
115
43
27
-64
17
102
-4
-33
-83
-112
-10
74
101
-28
-20
-51
-21
2
-45
-26
126
-58
-112
-101
106
122
88
-115
-128
59
94
101
29
-103
96
83
51
34
49
108
123
41
7
-118
71
-91
50
6
-119
98
-38
-51
91
65
-122
56
-34
-127
35
18
86
-48
-72
113
89
16
-55
-27
-29
-106
-122
-91
61
-39
124
-8
62
79
29
94
-82
29
-78
-91
-103
-92
-70
63
86
-64
7
-24
-32
-90
8
-34
-104
57
-62
-61
-32
12
78
125
-53
-115
91
-82
-98
2
97
-46
75
-30
-64
-21
66
126
58
122
-111
35
-51
90
-91
-9
35
-94
68
-16
55
15
66
53
-67
-16
89
25
76
-77
-33
23
86
-62
8
35
-83
-39
-95
-25
77
70
100
-14
-24
4
53
-18
17
-90
87
-87
-17
-127
-102
-93
-86
115
121
57
125
-59
127
71
-20
-82
-25
24
-124
76
91
-94
-59
-127
-114
69
104
-65
-33
-39
34
-28
42
114
-26
-21
-15
-113
-13
96
94
-96
97
-50
-48
58
-118
59
84
54
-8
-74
102
43
25
-3
-10
-120
72
-115
38
76
85
95
40
-103
-85
46
-77
-14
86
-110
-90
-3
-36
63
-89
37
-51
95
-54
-28
73
-84
9
87
-9
119
-105
-93
91
-68
-6
-31
-27
-90
-91
26
-125
56
18
65
-127
-95
-11
66
-31
40
-125
124
110
-109
-117
-93
-125
-8
-36
37
-46
16
111
-41
109
-96
80
-91
34
-93
114
-19
-121
110
119
71
79
-91
101
31
6
-110
-116
16
-123
-105
-11
77
12
100
-62
-127
57
-122
13
-92
82
-94
-89
47
65
-29
96
29
-124
127
88
52
97
-58
75
-70
-63
118
-124
38
-80
59
-102
-83
67
-52
68
-115
31
35
-118
-11
-68
80
115
-51
-3
-75
-69
94
79
-82
-5
-18
1
83
52
-104
-28
87
-65
60
-25
-47
-98
72
-43
95
-44
-44
59
10
-7
-121
-113
-113
115
30
-57
-28
-3
-44
84
10
11
-39
34
92
17
-78
26
106
-58
15
11
-73
-54
-15
-10
-88
104
-11
-24
41
-102
-54
-63
-13
39
32
51
-77
-49
94
80
-67
23
20
35
42
38
112
35
4
125
-63
98
-10
-127
-53
-29
-118
-41
-52
126
118
-84
121
1
-109
-67
-62
92
-67
120
-24
-41
109
-23
-67
-87
-74
-92
2
40
73
-32
-52
-118
-28
-118
-32
113
115
44
54
113
-89
59
-108
-56
104
-17
47
60
27
-32
-53
32
-87
13
62
68
-104
103
20
105
81
9
-61
-77
-20
57
57
-20
50
-25
10
-12
-29
61
54
-85
-101
-27
3
24
-116
104
-26
124
-26
48
16
-40
126
121
-128
-37
-95
-79
114
59
-122
-21
-62
-21
64
-42
-85
57
-15
1
64
74
-110
-119
89
-114
-4
-63
-127
-90
114
41
-10
-69
119
106
51
-40
98
107
-15
-15
87
-119
-92
115
-64
-120
-7
90
3
-40
-32
71
-92
-77
33
-40
-47
118
19
-55
18
44
-56
64
87
2
-63
-120
77
-16
-81
-47
-73
-98
-125
-78
-86
-119
-11
8
-32
80
-52
-9
66
5
-90
70
-7
14
-68
-86
-116
-58
34
-19
76
98
-75
111
98
74
-73
71
60
18
-90
-125
-107
-87
-19
122
-111
-105
-98
-96
6
-112
-34
0
64
89
127
-65
47
-9
113
-116
43
-36
-80
-10
94
-42
38
35
-52
19
21
127
101
118
34
120
-119
19
-92
-76
104
-10
119
-58
20
13
117
121
-13
121
27
121
-107
-34
-9
80
9
1
45
-37
-93
-117
-9
36
-29
-65
-69
88
-41
112
78
-32
-124
-98
43
125
-116
-75
13
88
-32
-121
-3
-121
116
-51
29
-38
-7
-89
-66
-11
108
21
110
120
-64
75
89
-39
83
117
-41
20
-104
70
-10
119
-43
3
44
-50
-31
-38
17
51
-127
-10
-46
-26
-41
115
49
-98
60
-21
114
75
46
56
-126
-53
81
79
-68
-14
72
17
-97
39
-25
88
55
112
-99
-122
-76
-22
15
-63
118
-66
125
30
-77
3
101
-84
90
-29
95
107
-96
-96
63
-8
54
74
113
-46
-100
32
-87
6
42
-72
11
42
-26
85
26
70
63
77
64
126
-32
-61
18
123
3
66
-102
95
98
-33
-82
83
12
54
-96
-73
111
-61
104
-124
44
94
-127
-89
-9
126
-3
-30
57
-83
59
43
-7
-30
76
81
-127
5
26
-79
9
114
79
-114
19
-27
-13
96
-28
-118
-86
-20
83
94
72
-90
113
-40
-12
58
-6
52
-22
79
82
-20
-25
-121
107
84
-9
-72
-86
69
102
13
64
94
-126
-27
-99
115
22
-18
24
58
-19
-15
-47
-56
60
88
-79
109
44
-20
0
32
-39
-80
125
-43
-106
61
-21
84
118
120
112
3
-118
-81
-44
88
-114
65
-119
77
54
63
46
23
-20
-108
14
69
60
53
-116
14
-45
49
51
106
-84
93
62
62
122
-51
-40
86
25
52
-37
74
-104
-61
103
43
-26
-19
20
31
-50
53
112
90
87
35
-115
50
98
-3
-4
28
-117
-25
-96
23
-5
-67
-112
-36
-16
80
72
42
-77
29
37
80
96
112
-117
91
-85
98
74
-43
-65
25
41
-118
-2
-107
74
-15
-57
-68
-75
69
-81
-44
31
-18
44
101
62
-71
-108
9
41
82
-104
76
60
-39
54
-36
64
39
82
-21
-117
-20
-109
49
123
103
-114
-118
96
-17
19
-10
17
92
-27
-116
-97
115
-124
-103
32
-21
-62
113
121
-115
-102
127
-15
98
113
-30
17
-51
-48
-65
-64
32
37
-100
108
109
108
-51
-104
-37
80
-76
71
72
27
24
-37
-60
-111
115
-40
-103
-20
84
114
-118
-44
88
-76
-16
75
-63
61
78
-87
-92
-49
104
-43
-25
114
120
-115
113
-6
114
36
78
107
92
52
0
15
-113
-76
80
80
-20
18
-113
-91
-7
18
61
-47
90
25
-86
14
-35
-110
5
114
116
-26
-54
-27
-19
-76
-99
16
-124
7
-43
51
33
101
121
-34
-27
-105
97
-10
12
86
-116
90
-49
-121
113
-53
58
-103
-84
120
64
-44
-59
91
-60
87
-24
-80
117
43
-87
111
-43
65
-110
24
-13
-74
44
-87
113
-72
-86
63
-41
74
-78
-115
-48
76
34
41
65
-86
-35
39
122
-3
119
19
-87
112
83
-82
-109
44
53
-22
26
24
-19
-81
-41
-46
17
24
-17
115
70
79
-66
-71
-125
-30
22
-92
-3
-120
45
45
-58
113
45
120
71
-68
62
-90
-67
-27
17
103
7
19
-127
-114
-113
-8
-75
100
83
72
122
-25
45
-89
103
7
15
115
7
10
56
69
-53
-123
-63
31
-61
68
33
21
-88
106
12
63
-119
-85
110
55
70
82
19
105
5
75
110
0
115
-61
-21
-78
36
-56
-65
70
45
-33
-98
31
-15
37
32
104
88
-20
12
117
29
24
-6
56
-61
110
49
-10
47
115
-20
54
-24
-112
121
82
110
61
-35
-91
62
23
93
-96
110
85
109
-42
21
-21
78
115
78
79
57
-33
-59
-102
118
98
-97
-36
24
48
116
-18
33
-84
-26
-82
-101
-67
12
89
-25
53
84
41
-8
11
-118
80
13
-3
27
-18
76
-88
109
-85
-65
85
118
-62
26
-4
-23
102
33
-60
-67
-85
-53
-17
107
-113
-8
-113
-77
114
-42
83
-104
-76
74
-56
-61
53
15
112
52
-114
-63
-66
102
95
13
105
92
-21
87
36
11
-21
92
-128
62
23
-104
70
71
-119
99
10
-15
-98
77
-62
113
-78
106
-32
55
-18
-86
10
28
126
29
99
25
28
65
95
18
-31
-18
-46
-110
-38
-22
-52
66
-98
-65
54
-41
-101
17
120
61
-29
-105
102
-47
13
-71
-52
119
-97
59
-23
89
70
-15
-55
-78
39
10
-100
-18
24
-9
73
64
47
49
-92
37
-23
-16
120
-17
-65
2
-22
126
-31
-64
103
-56
-58
-15
-42
-18
-16
-104
-31
25
96
48
-101
18
86
-95
99
-17
-8
79
121
13
-18
-61
86
21
-94
22
-53
44
-108
43
-109
-127
50
-35
-39
-86
-76
20
19
-43
-88
-52
81
-76
3
-33
-5
18
-99
91
80
103
-77
-19
-106
-41
107
-46
111
93
-18
107
118
36
67
-94
-79
-94
69
38
28
-88
-95
48
-57
-43
106
73
87
-28
-104
-118
89
59
-104
126
78
71
81
-31
27
82
88
6
78
-41
104
-51
-18
-23
76
-96
103
-118
-77
-33
86
57
-46
-99
68
-25
11
-29
118
-51
119
76
43
27
42
127
110
99
127
53
-21
-98
-45
-10
-74
110
105
-71
57
-13
36
-62
-69
-41
-67
59
89
19
-55
-49
-62
12
98
-15
-119
-108
118
-100
121
84
-113
66
106
52
3
-19
125
40
59
-44
-55
50
-90
46
-95
40
123
101
-119
120
-84
123
-99
-66
72
92
-57
113
109
74
4
-25
109
75
92
97
55
74
-43
-40
-44
115
4
68
-82
112
-71
11
-126
-63
1
33
115
-4
-117
125
116
26
-68
-96
4
0
-45
-86
56
41
-84
-80
-10
47
-62
-44
-38
86
-115
0
54
-72
-127
60
-49
88
20
71
-104
-51
114
39
98
-101
-67
8
22
-92
51
-79
-17
127
79
45
44
-58
125
-106
-60
-80
38
28
79
4
-26
56
49
106
-103
-107
-119
45
72
-29
38
-127
67
-33
-36
42
-25
-4
-71
-96
-74
-8
45
-101
-99
-44
12
-9
-67
12
-19
56
-97
51
111
-7
-78
-84
82
-31
99
33
-3
112
103
-42
-21
20
-11
-38
-127
37
-114
-57
-119
90
-116
-18
58
83
88
-37
40
-61
-15
74
114
-115
89
-76
-46
-93
-92
-37
-84
-70
-113
82
51
-8
70
34
-31
-66
-108
-55
-127
89
-45
-22
-28
-15
61
-96
74
33
-121
61
117
-37
-51
100
54
95
81
-47
106
-86
83
124
114
120
6
103
107
-9
-97
58
-10
-33
-6
-104
-110
-102
49
-94
39
-84
-37
-76
-33
50
109
-118
-127
-123
-62
-69
-106
126
-97
-118
-124
-52
81
67
94
13
119
0
-90
-14
-19
29
109
-46
93
-78
-2
113
-18
-29
53
67
2
121
-96
-105
-47
-118
99
-12
-56
48
-59
-64
-71
36
126
92
-51
-8
115
110
-2
98
-40
76
-95
-83
118
-60
-27
-29
77
67
35
64
99
68
-94
-88
31
-50
-17
30
-71
74
8
-112
-98
47
71
-120
-107
-34
107
121
18
39
51
-121
23
-94
-99
67
93
-125
116
-55
-50
-36
116
117
96
-70
-15
-81
-34
80
-89
-117
98
-114
95
118
-42
108
32
125
40
126
79
-13
114
-81
44
79
121
107
-79
-69
120
-20
-106
-63
64
-126
27
-74
48
-10
73
-105
17
-30
0
90
124
10
9
84
108
76
-97
-80
-94
44
60
-27
-91
-122
115
-96
-57
48
15
2
117
-75
-27
-54
23
65
-13
37
6
-70
-93
-79
40
63
-77
46
37
-106
84
-71
-43
120
-115
-20
19
-84
47
-36
-11
-105
37
105
12
42
116
8
60
80
17
0
81
66
-72
-22
71
122
125
47
92
-22
-51
55
16
78
-59
-83
-102
-24
-20
-86
12
20
56
-36
71
-124
53
94
-101
86
-41
113
-40
74
-43
120
-91
104
76
-111
-90
40
-25
-85
90
41
-102
127
89
14
-71
-120
-22
64
-14
91
15
-26
-94
-42
90
-86
-45
-20
60
-118
-116
-61
-57
-38
-116
-44
31
83
-7
123
11
18
-57
-10
39
32
101
-108
32
11
-110
73
33
0
108
53
-5
41
106
65
-4
102
-70
-105
49
-73
14
17
-21
60
-71
-109
-45
-7
67
-46
64
-47
-107
-63
-8
-78
28
90
126
-46
-118
62
-2
27
30
-62
10
60
67
55
93
62
-60
27
90
-70
-41
-115
31
15
-21
34
101
49
102
-8
-13
-88
-48
-29
10
116
116
1
121
3
112
-45
46
-54
45
-82
-108
-104
-96
-69
61
-68
-5
-121
43
115
110
-45
68
-21
-38
-86
-108
104
90
-2
-112
-81
-89
-25
-22
-103
121
-57
-113
-91
-79
-96
-125
50
118
6
-114
122
46
30
42
78
116
12
99
-12
8
-110
-35
-120
2
104
6
98
8
-38
-56
-96
32
60
50
7
27
6
98
81
63
-52
-119
-84
-39
-98
-110
0
-88
-89
125
75
98
49
-59
47
-108
15
-78
-41
-49
32
-121
-35
117
-114
-103
51
-71
-87
42
15
1
88
57
36
-121
4
-91
-38
-127
66
-8
105
-14
-53
-76
-75
112
-25
-122
-20
63
104
-105
-40
114
-36
-58
82
-10
-103
60
-45
55
-50
9
-90
104
28
-69
37
-49
-82
-8
2
89
-9
-36
38
97
-42
-128
59
-62
-52
126
-88
73
120
57
-119
-3
-60
-54
5
11
-60
10
54
-52
69
102
-50
-20
58
-68
127
28
-25
-26
-119
117
30
-124
46
40
2
17
113
113
18
-61
-56
-63
-72
58
29
-44
12
92
0
85
108
56
-75
-20
-104
-104
-45
-9
117
127
63
119
37
126
-56
-10
-27
98
-111
-33
-56
82
27
-59
-94
1
67
-3
-53
-33
-94
14
-118
-61
21
78
-13
-83
97
13
122
-88
-86
19
32
-100
-14
-20
63
-101
75
51
-76
105
-41
14
33
-57
-93
12
-108
109
60
-6
102
-58
-25
54
-69
-98
27
-56
69
78
72
10
44
52
33
-105
-49
16
69
-54
-40
53
76
-18
-111
-44
84
-37
-111
-86
-98
106
-128
-53
110
9
51
119
-75
-66
37
119
60
-77
92
-109
-120
-52
121
-70
82
13
-20
115
35
97
57
25
122
-33
-128
-53
91
51
5
3
94
94
-116
44
89
77
10
21
0
-121
124
17
-27
-5
49
-112
-64
57
84
-74
-50
36
104
-119
-52
-24
30
41
-18
13
62
-48
-35
-84
57
86
-115
-54
-15
-107
-76
-15
111
-48
80
-67
-94
-22
-110
-29
118
111
43
-46
-111
49
-73
-71
-110
69
96
40
10
-26
47
103
35
118
77
-91
37
8
-61
-56
37
-34
7
-102
62
4
5
-67
-124
117
-50
25
39
12
-117
-50
94
6
94
87
-64
-73
82
33
-29
-74
-64
-90
-126
124
-3
84
69
-9
-100
-54
56
-84
-111
63
-48
85
72
-45
-81
34
107
123
-119
-14
4
-99
94
-115
113
96
-41
36
2
-46
48
-87
54
34
124
111
108
-93
-57
-86
-6
30
39
-14
87
-104
-50
55
-65
107
-86
60
66
-85
-42
-103
101
95
-50
-2
-15
21
51
-34
-66
-82
-87
-18
11
75
57
105
79
-108
-82
112
16
76
-71
-98
105
-26
106
-120
-73
-75
-20
27
14
-14
115
-62
-97
99
84
-94
-78
-54
36
25
-56
-36
19
-90
-122
18
122
12
57
61
-126
-97
-34
-90
-67
63
-91
-54
119
100
38
35
-111
27
88
100
-95
14
0
99
3
83
-60
-22
-32
36
46
84
-75
23
-61
-59
34
114
-31
-67
-29
25
-59
97
50
-27
127
-46
73
109
69
74
-65
85
-80
-109
81
-82
-51
6
98
34
111
-108
45
-53
1
-52
-17
114
-108
-57
99
26
-10
-112
-22
52
41
108
39
110
77
106
9
63
-92
110
45
111
63
51
-79
-127
0
30
60
107
-86
62
-83
-26
58
127
-95
-124
-21
-14
29
124
-88
49
53
25
95
-85
-6
4
79
78
12
-23
-91
90
-68
74
39
-57
73
-89
-29
-38
32
125
-85
-10
-8
-106
122
-53
124
-48
80
92
23
17
-59
-41
-117
-23
10
8
27
61
-71
-90
116
-106
-25
50
-25
120
-78
60
86
95
91
-112
-34
96
-5
8
83
-11
7
95
38
-10
-93
55
-72
-112
-96
118
84
106
49
78
27
-73
-77
-106
59
23
16
127
80
39
30
119
5
-91
95
-33
-103
-94
33
0
-40
-58
15
-98
-17
117
125
45
-5
74
5
-47
-114
-61
58
46
-17
64
-3
-87
4
-2
115
-55
24
-14
-120
28
116
14
-81
75
-51
-76
-122
-53
-37
99
-46
95
-49
86
97
-76
49
55
-62
60
-61
-20
-8
-19
109
58
-40
73
-56
-31
37
5
-42
-116
-10
-65
105
5
72
-55
-8
110
-97
-33
82
108
68
-35
-116
-92
105
22
101
-18
-17
-5
-50
86
97
55
-92
-12
22
-27
-12
-40
-123
-8
-79
39
-4
-94
-70
-98
-104
52
86
-71
-5
-86
-92
-54
-58
-117
-106
-68
-75
-118
-32
19
-104
-81
48
-29
-108
-84
-120
-53
-102
-123
29
-73
70
-26
-48
72
-43
-8
101
65
-64
67
-128
52
-121
-32
64
-49
48
94
-87
6
-92
-89
63
87
30
113
37
-85
57
-52
74
-13
22
-22
64
-113
-124
-35
8
34
-68
38
-28
-5
23
-22
96
-51
3
-91
-44
-121
-17
-126
-79
113
1
56
-120
-38
43
-111
92
-58
5
105
-121
-16
53
-109
85
86
102
44
-34
9
48
-13
-62
75
-82
-120
86
-119
87
41
96
88
-107
36
126
102
-40
45
-4
86
88
-124
113
9
-47
94
96
-32
-46
31
73
-100
91
39
10
115
-27
-96
108
-102
-59
-106
-17
73
84
-107
-124
52
71
-80
33
-61
-94
-9
-4
-38
-74
-19
-19
-80
43
14
-100
43
52
111
37
84
115
84
28
27
37
-3
-121
117
-125
43
6
32
-9
25
106
-39
-65
-78
103
-83
108
-47
-28
109
112
-50
55
85
77
84
-119
101
81
-122
-125
-119
7
-37
54
106
107
43
44
-3
-22
-57
70
-110
80
-28
15
115
-72
19
-60
-79
110
-124
-49
-56
-24
1
-118
41
116
-48
64
-105
37
-95
-35
-74
78
-21
61
93
-112
-80
58
-117
114
-58
-64
41
118
99
-95
-107
-80
81
32
-127
119
-113
-114
-69
125
40
16
113
-62
38
59
82
-35
44
-127
11
96
-94
127
41
-44
-74
-50
99
-42
-41
-19
-76
-17
88
-101
-122
-111
-54
-3
40
121
97
-6
-87
-72
-59
90
-47
-45
40
-28
-26
-6
-40
-112
-126
50
56
103
122
26
-23
-22
121
-9
-9
51
44
44
-87
114
-67
108
-58
-38
-55
72
113
-91
34
-124
17
119
97
33
-10
-27
122
-55
69
-35
98
-88
70
-118
-11
127
-112
-115
63
-109
-120
-35
104
-91
87
-95
104
76
80
102
116
-102
-62
-12
29
118
115
-51
86
32
-125
-62
-5
-2
29
10
117
-92
112
48
28
-123
-49
-111
17
27
101
-113
-58
109
57
-85
39
-31
-22
-10
-112
-25
-121
-54
108
62
10
-24
72
-63
109
73
89
-40
15
-125
-25
53
-63
-57
-51
1
-105
53
-24
121
76
-31
6
-92
41
31
83
-26
51
-113
-8
-40
34
76
-72
-113
-12
-28
119
41
-52
-27
32
31
26
102
63
-119
127
-101
41
16
59
-63
-102
-82
-101
20
-7
86
-98
-12
39
66
-104
26
89
-78
-17
30
-56
-122
24
-53
-83
-44
10
12
31
-13
-58
56
24
-110
-97
110
98
101
-25
-119
-36
55
76
-87
35
28
-32
18
35
108
-51
-85
-65
-49
101
-121
-69
-34
113
86
88
-9
-12
69
114
73
36
-62
47
-17
-30
71
83
-77
60
84
-77
-9
3
-77
94
-44
-63
-88
-87
-104
127
-81
-18
71
-84
27
-104
95
-122
40
66
98
-88
-83
60
0
82
-104
39
88
92
-82
126
90
42
30
33
-81
37
84
27
-106
-66
41
46
-69
-106
-105
-93
86
-104
73
-100
-63
3
-19
-89
-63
43
76
-127
-21
7
-34
-105
-88
72
26
-25
-34
127
64
-68
-53
70
-25
-34
6
-103
78
-4
-51
-30
44
-69
-68
-53
-97
-57
95
-77
35
9
-76
119
75
98
-74
-28
-93
-73
-120
18
16
-43
-37
12
59
110
-31
-59
103
-45
-38
7
-32
68
-93
9
-85
63
74
4
73
-47
19
-90
-100
-76
-81
-15
-87
-125
-117
-84
32
-7
94
125
124
68
-99
34
-83
116
-97
35
6
-118
67
2
-24
-39
98
-126
-60
76
-53
-36
57
-28
-98
-35
-101
114
53
-108
81
-119
-93
-67
95
-53
-100
123
51
16
22
-60
41
-5
61
58
100
41
14
121
71
-73
118
-17
29
69
-76
-88
117
-102
15
-125
43
-42
-46
-40
83
-102
-23
25
-45
31
67
86
-67
-117
-44
88
101
-114
92
-106
-12
115
47
35
-98
25
-51
-28
31
85
108
112
12
-19
8
67
-90
100
26
-90
87
-51
-13
6
22
114
61
-52
-43
-100
19
-4
102
-30
-12
48
27
-75
115
-123
-115
110
122
-74
-78
84
-31
71
117
-119
18
-64
-44
83
-114
17
24
0
-15
118
-4
-127
-77
30
8
-14
-106
-18
120
110
74
19
-99
-12
-48
-29
89
3
-39
-94
-25
95
-83
112
-37
94
-43
118
-71
95
67
99
12
75
8
106
17
-85
-71
-38
26
50
35
64
-70
-45
-53
-123
-60
-52
-64
-98
-104
-116
1
30
-20
-41
-77
-71
20
101
-44
32
123
-17
-90
-29
-38
47
72
-67
-61
-116
125
78
57
-78
-46
-5
92
54
-124
1
106
-69
3
-20
124
-118
-9
96
-54
-50
123
48
60
28
87
-124
-114
-34
93
-72
-49
125
62
-126
10
-38
17
48
-50
84
-21
48
79
14
-11
56
85
-77
99
10
80
121
-63
61
-87
35
-24
115
-8
107
105
63
55
-85
8
105
-69
-16
-24
9
-116
-95
-115
-17
12
59
114
77
-53
54
-47
7
-35
-20
95
-98
17
-21
-73
86
7
20
122
118
14
-94
119
-93
-2
21
8
124
-113
123
55
1
30
108
-13
56
-10
124
18
-74
22
45
-122
-105
14
-16
-14
88
-64
80
120
9
-95
112
-80
-100
120
56
-64
-37
-39
105
33
66
121
23
8
-104
-2
124
-27
-82
34
-87
14
32
124
72
-115
22
47
-28
44
-111
80
75
0
117
127
-70
46
30
-73
-7
-7
-13
-62
-8
55
7
-127
-99
-75
123
-11
65
57
-4
-59
25
29
34
61
-38
74
96
2
2
114
-38
83
96
65
-86
-115
-62
-27
-44
-15
117
-125
-63
125
-51
-53
11
70
119
-30
-17
53
10
-64
38
-53
-46
110
66
-91
111
-33
-127
54
17
15
97
73
-93
69
-55
89
21
99
117
86
33
-33
34
19
82
-121
-23
36
-33
-95
31
-42
32
-76
112
82
122
-28
-101
28
-60
-77
86
-33
-30
43
-91
-28
-45
18
-108
126
80
-74
71
-22
69
-7
123
-110
-93
18
-92
-122
-35
-38
66
24
46
-98
-41
32
71
-24
22
-7
-92
-57
74
-21
-59
97
12
-63
-118
-15
119
34
-83
38
-86
21
-104
-48
51
-4
90
33
-81
-18
-81
72
-69
108
-15
-93
84
-41
-102
-90
91
77
83
5
-102
-38
-31
-91
-43
-80
-53
-40
45
-94
-107
-78
65
-19
64
-97
-88
-93
126
53
74
62
-71
-4
119
45
122
-90
8
-122
-127
38
-103
61
65
105
-68
-24
-13
-81
-70
-77
-55
-45
96
-25
75
-80
77
110
56
-78
-51
-71
90
122
42
57
6
0
19
67
-60
-32
75
-60
96
-42
64
-83
-110
-82
30
-22
-117
-79
-34
33
-98
25
92
91
62
28
34
80
-23
35
-46
-13
-116
11
66
10
67
-47
8
3
-58
53
113
63
50
-43
24
64
57
-27
-108
-8
43
46
-13
-3
-10
76
82
65
8
62
68
102
-2
29
-54
-126
7
10
-99
58
76
-95
35
-52
-89
-67
-109
96
73
102
110
-69
-94
28
-101
-22
76
-19
-92
-97
-55
124
-83
93
69
3
-73
-102
-112
18
-118
116
28
47
-64
-102
-69
-125
-42
-89
-20
-76
46
112
120
127
99
-112
33
-49
108
-54
-59
-75
-6
125
-67
106
-24
94
68
-4
84
-2
-127
68
85
-95
79
-101
100
23
112
93
40
123
-126
81
-54
-58
10
98
86
-75
-14
72
20
-19
43
-12
27
-121
48
-43
97
-103
82
-120
-34
-29
82
-30
-59
38
120
29
113
62
-40
43
-106
32
21
-57
70
17
-80
28
-8
-74
79
-100
-13
-14
127
41
-22
85
37
-73
-76
48
58
-31
63
14
55
-32
-58
-87
92
-117
-75
29
12
-11
20
64
-54
3
76
-77
-19
-21
-67
-75
-104
-111
-10
102
8
-52
96
100
-53
97
27
42
118
47
26
51
11
59
-34
64
-72
-98
-102
7
-124
6
-50
-7
-113
52
47
-4
68
45
66
21
67
20
-128
-29
57
114
-95
-45
-15
-13
59
43
-79
-68
40
-85
-105
19
-61
110
-73
24
-58
78
-115
-29
-17
10
-36
60
114
-115
-54
-24
-56
118
-56
57
-115
112
2
43
-42
9
-19
108
-115
-94
-78
-24
8
-17
120
-34
53
117
101
-70
-110
-17
117
-40
44
118
-96
30
68
-122
0
-100
70
-99
62
-123
-106
42
-90
124
-75
25
14
-77
-103
69
-25
-7
66
77
-59
-44
109
-28
9
-106
80
53
-32
-104
16
-74
-75
-99
60
22
-75
-57
10
91
25
5
76
73
-126
-124
89
-57
1
-17
77
-62
38
44
-59
124
-61
-60
121
118
18
45
16
53
-87
-17
-20
8
25
23
47
86
-67
20
127
-114
20
57
17
19
-106
43
57
-28
107
-67
-11
46
-86
94
-15
-112
-50
-72
-3
66
-123
103
58
-119
100
91
40
-96
-76
-14
8
0
-60
29
17
27
-101
87
-74
96
11
47
-60
119
19
-98
-57
4
71
65
-70
-54
-94
96
109
-114
-16
-12
-50
-35
125
17
7
118
42
-58
-94
70
67
25
6
-40
-2
23
61
18
-53
87
-75
-126
20
-66
-106
126
17
-48
5
-16
-103
-92
-124
-43
11
11
-17
-44
-99
-36
-50
-86
27
-30
-61
62
-80
77
-6
-11
-86
78
-90
-122
-40
-30
30
88
-52
-56
54
53
-28
-43
13
32
-9
-121
87
-52
59
-119
-125
24
107
29
-115
81
118
-124
1
-120
79
1
-61
94
-8
-128
70
-41
91
-103
-95
-32
23
-34
-115
119
59
19
108
89
-5
103
-84
-40
-37
-64
71
-85
-28
37
96
-121
-68
110
26
-15
27
81
33
75
40
81
115
-112
-120
23
50
-8
-101
-41
-71
-96
16
50
120
-76
-26
-18
36
-52
114
16
-61
-12
-46
84
26
127
9
29
-124
29
-48
-103
94
-113
-56
-44
104
-17
20
6
97
55
67
-74
49
-26
61
-98
-71
52
-128
54
46
8
-128
-20
63
61
-54
-22
-57
-14
61
119
-22
46
72
-2
-59
-76
-5
88
81
-18
79
-43
89
-29
-128
13
84
110
1
52
-128
-100
101
33
16
30
14
72
-91
116
-41
-70
63
-11
-82
22
-75
28
-70
-90
67
-64
-66
-106
-96
-29
-56
-7
-5
-36
14
44
-84
43
-92
-98
-52
-90
-29
33
-35
-71
124
111
127
-37
-49
-66
54
113
-20
23
-26
107
-31
-108
41
8
-65
-18
-55
-108
124
93
-91
-42
1
107
-88
120
35
89
7
-24
-52
-64
37
38
118
21
-105
112
-91
61
10
-93
127
119
-7
87
19
-42
88
-53
112
-98
124
-56
58
53
-92
-114
-65
19
-27
11
31
13
-38
-48
63
95
120
-108
-35
-101
30
-114
104
-10
68
-29
-74
4
54
-100
31
-41
7
-83
-24
-35
-70
62
24
-79
-31
-30
104
-103
89
95
6
95
15
14
-55
110
124
-123
10
-24
21
-10
-76
-72
-83
-30
-73
-30
-93
-38
15
47
-44
87
-46
126
73
54
2
-77
-96
-28
-42
18
64
64
-74
106
52
124
-7
79
-24
17
-122
-125
53
-22
12
55
-97
84
13
15
-26
-118
-89
60
-83
-21
4
-28
92
55
-70
-5
-29
83
-51
83
91
118
-82
-90
111
-5
66
94
-126
-75
86
-82
-12
-40
64
25
-35
-27
62
102
-6
107
74
101
-19
-6
106
120
103
98
38
116
123
67
52
47
-99
6
-107
-121
-84
87
-113
-50
40
-73
93
106
29
58
-62
-23
15
17
-44
-121
43
-12
-119
72
-66
-40
-56
0
111
13
37
82
111
-95
-124
-47
28
69
113
-73
105
-22
-41
-85
71
-25
-22
-91
56
-35
-29
-71
-123
-28
-31
-32
90
117
118
70
49
-121
-38
-8
-36
115
17
-39
-86
119
-44
-43
-47
101
104
-45
-41
13
-127
126
-120
0
78
56
-16
-41
121
-37
-2
5
-128
119
-14
-82
-37
-76
75
-76
5
118
109
-80
-47
-124
-109
-50
23
-97
5
-80
-89
-100
49
-8
-110
88
25
-31
115
-6
-45
-46
70
-49
-4
23
83
-7
-59
21
-97
-50
112
-17
39
25
-64
-89
53
-86
13
-128
-50
-15
-51
-99
68
-97
26
-69
29
-11
42
8
87
-128
60
106
107
76
56
34
77
-109
67
-10
23
-58
87
93
-67
121
-15
44
89
-28
-52
118
52
-100
-25
-73
-22
-126
-87
-59
-4
111
90
8
52
-120
-124
-95
15
-73
-117
84
-37
126
-57
-24
101
102
-117
8
72
11
-110
102
-122
-75
103
-112
-110
110
5
-30
-70
12
117
84
123
103
-19
103
18
0
-32
-15
108
117
-107
-16
81
36
-70
-49
65
55
-102
-41
44
-104
-111
-71
-52
-19
-17
68
3
-84
-56
120
119
121
-43
-125
25
126
49
28
-86
105
-115
91
108
87
-127
91
86
-80
125
-105
99
24
-45
57
-82
-2
42
-107
45
107
-43
64
-51
-51
-95
-58
81
23
7
-56
89
127
-50
-93
-54
-29
-43
72
-6
33
26
80
-94
84
-72
-40
105
67
107
117
86
-53
103
102
5
-121
-96
-51
-62
89
-52
-27
-107
-28
-56
-73
-62
-62
-126
-90
-128
107
-13
-98
-19
56
26
-13
49
122
72
81
-121
84
121
24
85
-13
-11
-43
72
-13
-87
-97
95
-48
-50
-95
39
95
61
-66
12
-22
-88
124
-46
38
-24
107
-14
53
11
-69
62
95
-35
44
-37
-118
-93
-100
94
19
-28
-85
126
106
-83
19
-12
-13
31
-43
34
17
-5
-37
-72
76
65
71
80
33
34
58
-92
103
-97
-92
-41
-47
-73
-57
41
-44
-103
-115
-48
-96
23
13
-121
-75
81
-65
98
50
-43
122
55
68
106
-70
32
119
69
-43
39
113
47
-42
58
-85
89
-54
14
43
110
-15
54
81
3
125
108
79
-49
-53
59
-32
-65
-93
-110
-57
112
-41
36
-37
127
-3
-71
-82
-93
-14
-61
37
52
-28
79
-30
-14
35
36
-98
95
42
-16
7
-111
11
118
-53
-45
-31
4
25
-15
79
-17
-93
-35
-116
5
-126
106
107
39
-94
3
122
-99
63
-30
-58
116
-69
55
87
36
78
-47
66
-14
122
-78
-121
-64
-14
-19
-54
115
-50
-110
-44
-9
-72
-30
36
124
127
-37
7
-114
98
-55
-57
-8
11
-4
76
112
-74
12
-82
-24
121
-5
66
120
103
-10
5
97
119
116
40
-106
-72
122
102
-110
-56
-89
-100
-48
-95
61
-118
-101
25
-115
30
49
-117
90
-31
120
120
92
-55
-125
-102
17
7
69
-68
120
-9
-69
-120
-43
73
-126
-87
25
-73
-15
91
-66
-4
-12
122
50
-52
-128
75
-45
-122
101
-32
76
-112
14
20
-12
-86
-99
120
12
54
24
95
-78
-102
58
89
-91
63
6
-73
41
-67
91
23
74
115
-120
-84
59
-58
-23
-71
34
111
-91
-77
67
12
-92
-33
123
43
-115
-26
-75
-69
-57
-22
-110
103
51
-8
-46
-15
106
87
-49
-97
19
119
-48
1
-16
34
77
29
-75
95
79
-72
-10
31
107
55
104
85
-3
-66
-115
-37
-92
92
44
88
-57
-26
-74
73
-19
95
89
-101
-95
0
27
-103
122
-117
61
-50
-116
-52
-4
77
-11
95
11
102
102
25
13
-85
75
42
-28
-13
-32
-76
-77
-15
-50
56
15
124
77
108
1
11
65
43
-90
-8
98
28
49
24
-72
56
-114
-104
-11
16
1
50
1
50
38
61
68
-118
26
-86
-73
76
116
29
-14
-110
-91
81
53
89
92
-70
3
-28
-67
-107
-110
-98
42
-75
-92
0
87
27
-12
-6
-99
-89
111
72
-94
-16
77
-49
42
-104
35
-16
71
-24
-124
121
-97
-72
4
-96
56
-123
49
119
95
-110
-56
-31
10
111
-54
74
30
82
58
-41
104
-31
-41
11
95
-24
51
-19
44
101
-52
-85
94
-71
86
66
107
-106
120
-13
91
72
-128
-49
-115
25
-58
-90
-113
-4
59
-121
-30
-52
-79
-16
-127
114
-123
-118
-36
82
-82
-70
71
-37
-90
18
-119
-15
-23
-22
-48
102
-59
-58
-58
-29
84
-25
-127
-80
87
109
50
-75
26
33
-51
-66
-95
46
44
106
-44
78
-40
44
17
22
-117
-117
89
-85
8
4
-116
117
106
-31
17
-17
-43
-121
5
-21
-51
-40
61
12
-48
105
-39
-27
-24
-9
5
114
-24
59
-103
68
-88
-126
-124
9
-94
8
0
-62
-49
31
-88
-51
-39
-79
73
-61
-106
-101
-54
80
-126
-19
29
-71
122
-21
33
14
56
118
30
-3
95
-63
-20
-110
-65
39
-72
-19
30
62
16
-21
-102
-31
118
-90
-50
67
-41
-95
-57
-8
-29
-30
90
99
-76
-64
5
64
112
20
49
-75
13
117
-36
-22
93
-54
-125
-6
61
-116
122
-121
-54
57
31
-99
10
25
-19
7
-122
-74
-71
-7
17
-115
-89
-76
79
-117
-69
-28
95
92
65
-71
17
70
-89
-15
10
-79
-78
-121
-112
-42
-52
-38
22
115
7
-6
-69
-46
44
-22
29
26
-40
21
2
40
-115
-99
15
-105
-63
4
-96
24
-61
-83
108
47
120
46
-18
-65
-16
99
-108
125
35
92
-123
-110
48
7
-66
-38
1
71
-25
-53
-73
122
-68
38
-19
108
-26
23
-60
-26
-14
105
0
43
-61
18
-109
-34
82
-77
-113
7
-96
-88
-99
123
100
-67
-114
-89
-104
-70
-84
50
-13
-90
82
17
-90
-69
-8
-2
40
-111
-58
-108
-97
-72
19
-109
59
-14
-121
-9
-100
87
14
94
-85
-61
-40
110
-90
81
-45
-64
116
-109
-51
-127
14
89
121
108
95
89
82
90
-60
-65
-8
-107
-121
3
-14
36
21
-98
-60
-34
-81
29
-83
-113
2
60
100
-91
-65
-19
-55
-58
15
127
0
-115
108
-100
-44
11
-122
113
27
13
-2
16
-95
49
-15
9
121
66
110
104
-75
-33
79
118
-89
69
-41
-28
49
-70
-78
-73
-49
82
111
-5
112
-116
33
82
81
25
19
96
-43
37
14
92
-122
-82
0
105
92
-74
-35
-74
103
-104
122
-108
-122
-47
36
73
95
-83
15
-86
94
34
-60
66
120
54
94
35
49
-93
-122
-114
24
120
-32
-91
23
79
16
81
-5
-61
66
93
-83
51
85
-90
100
97
-72
-100
-102
-70
31
89
102
48
105
-60
-6
90
-69
-2
-126
-5
10
55
59
124
21
126
117
-107
-105
-84
37
102
-65
-24
-105
-45
-34
94
-44
13
-107
-86
-4
-48
-122
-113
-20
-40
18
-95
-72
42
-97
-104
51
-93
57
91
-112
40
-12
82
83
-88
-118
13
4
-73
-48
-120
32
11
-74
116
124
40
99
58
96
76
115
-26
64
-36
-111
-116
92
-46
-43
7
-93
-46
-60
-66
-8
-22
-30
-105
-90
47
95
-61
-5
-12
-34
-90
-103
18
122
-50
-115
-47
-14
-64
53
66
88
0
-12
-86
-2
-14
-85
7
5
125
89
-67
113
-15
62
27
-104
-6
14
-70
119
9
27
-44
-35
96
-49
-13
75
11
127
-95
125
-77
-56
-73
-103
54
-13
20
1
61
119
-100
-67
20
81
-109
4
60
-51
-20
52
-16
69
103
-53
-38
-66
42
8
95
-21
-87
99
-77
-33
-124
-128
60
-3
-94
-50
-125
79
-74
51
-12
-111
114
-10
-44
-103
93
43
-32
50
15
-111
78
49
118
-88
-31
8
68
30
57
124
-126
66
74
-43
45
-61
-97
-117
57
52
12
56
-49
102
119
81
-42
-48
30
98
-83
27
11
-59
-113
-67
-86
90
-97
18
-94
16
18
35
-120
115
-81
-32
-33
44
21
34
-32
-52
-30
-32
49
-85
70
77
-122
26
13
-69
72
-79
-75
-58
101
-6
95
-32
8
60
-120
-82
99
25
-73
127
-30
112
61
-111
15
-67
126
-18
-100
-5
-14
-25
-35
113
20
-70
11
-87
109
54
-26
-6
-8
-53
-98
86
-126
28
31
95
7
-93
-10
7
49
115
-23
114
-32
81
-26
-99
-59
-123
19
59
101
-84
30
83
123
-121
78
3
-105
23
-114
-122
-66
80
95
84
-11
-126
-82
-49
90
-70
10
111
14
52
6
68
-10
-51
99
-38
36
-88
-51
-36
60
-24
77
-99
26
69
-93
-85
17
-99
20
-115
-39
-104
107
-96
-122
-21
-7
-76
-109
90
94
108
-25
100
107
23
65
127
-104
-72
19
96
86
91
13
122
-31
-61
82
-49
-4
-78
-69
27
-6
-15
61
72
36
-84
-109
-7
97
-42
122
78
50
54
-84
97
-46
47
73
4
-125
-43
101
78
-124
-16
99
-32
79
-24
-107
-72
68
-58
-120
90
90
127
108
-69
-85
88
-36
-77
58
-101
30
37
-122
37
64
-36
47
118
89
67
-57
-107
-54
-114
-47
-104
-14
101
54
-76
-8
-52
72
-80
60
-124
33
41
-94
75
41
-36
69
-39
39
80
-101
-98
-8
-78
126
100
50
17
-114
-37
10
-9
104
99
-56
-115
-121
-82
109
52
-108
18
-87
-92
-54
-115
94
23
58
64
-74
-13
-60
63
62
85
-79
51
-80
-18
-89
-68
35
-114
-68
-103
74
-126
16
81
-26
52
114
-36
-32
-88
-104
-111
-71
-75
-52
97
-71
-95
-69
-77
-53
71
39
34
37
-107
73
55
64
96
36
78
-6
55
-69
35
66
-65
-31
-67
-47
16
-38
22
60
-70
87
74
-64
6
77
29
-78
39
-118
67
102
-87
65
-6
-65
-26
43
69
-76
-107
88
-33
-5
121
-68
-59
-84
-19
-18
-101
82
-97
35
108
-29
71
31
-75
-79
109
-99
-102
42
-44
104
87
-81
48
78
-18
-109
-25
30
93
83
39
52
-27
-6
-34
-66
29
-32
93
65
102
-78
-96
-60
71
-91
-114
119
-19
96
124
-13
118
-58
-56
40
21
-31
-116
74
-116
-47
-76
-54
17
65
106
85
69
100
-29
118
-87
43
26
42
94
-88
-32
-48
-97
109
101
88
49
32
-21
84
99
8
-95
101
-72
17
106
-29
-15
114
92
-93
12
-110
70
46
27
57
-75
-71
-119
-22
-128
-23
-84
23
-43
94
95
78
103
-90
-118
101
42
124
44
-124
92
125
58
-125
-26
-80
-15
14
-26
123
74
-85
-57
-33
79
77
118
82
-4
51
89
88
-41
-123
97
103
-66
122
-112
-55
-122
38
103
19
-69
67
73
68
-118
75
-102
-75
33
-93
-79
104
3
39
46
-41
119
104
121
-5
88
-121
98
-82
-100
-34
-49
-5
24
72
-49
-95
-16
-107
110
-16
-46
-18
1
75
123
-66
109
-103
-53
-122
-114
44
63
101
3
100
-66
59
-11
-104
-38
109
18
121
101
-8
49
-14
-75
-5
103
-71
90
47
7
-115
124
110
58
-27
47
-99
-124
-28
42
-62
-84
117
-6
-108
118
60
-107
93
126
28
-107
-103
-5
-79
66
57
16
75
36
-127
36
83
3
-128
-25
58
-59
-125
72
72
118
-79
-101
61
67
40
60
101
32
68
57
-64
0
76
49
-77
-92
-105
-127
51
-89
7
-55
62
-71
-29
114
-94
119
51
-34
45
-16
125
-32
68
55
-63
76
-12
-40
-59
-91
92
-100
-25
-4
68
51
-25
-101
-51
57
-51
-126
-128
72
116
-114
17
31
-2
74
-61
78
108
-105
-99
105
17
-41
55
-45
-57
115
114
-68
83
54
-15
-11
115
-103
97
-36
-6
-2
-79
-68
-104
-81
106
114
127
28
-75
-84
-117
21
-89
111
-50
38
-9
52
124
-5
92
-34
55
-56
-33
-14
-21
-127
17
-104
-26
-57
15
-76
-22
-67
-84
-15
55
-37
-56
53
-33
-51
-67
119
-69
82
-16
47
107
54
48
82
94
7
-73
-66
-11
-45
90
48
-62
-39
7
-57
105
107
121
-42
-21
115
10
-90
-116
64
67
101
-102
107
4
29
9
77
60
110
-11
-17
29
91
-117
47
108
29
84
54
-30
-87
-54
-22
-82
-106
73
-110
-17
52
95
39
-102
105
122
-52
-33
-92
-107
-108
122
-77
-105
-59
-80
-86
78
-21
63
-4
62
-110
-91
50
-33
3
-41
-91
95
-13
-14
-120
22
117
-120
126
-97
84
27
103
117
82
-44
25
-65
-26
-100
-8
25
-5
85
-106
10
68
-21
6
18
-105
-80
76
22
94
-62
57
38
-119
48
8
-12
15
106
18
8
12
2
-52
24
-77
12
121
-33
-116
56
53
-69
34
91
-46
-54
-47
42
71
-81
-84
71
-63
-83
41
-118
-109
-69
-95
-19
124
68
-23
-127
53
92
17
38
-117
125
52
99
-73
-91
27
-117
104
-16
-117
45
-76
18
-117
-47
114
15
116
23
27
18
-116
-13
76
123
-65
49
5
-53
-81
-3
92
-26
82
79
120
118
71
-18
11
-77
-92
-58
87
74
93
70
-55
-115
20
-6
54
1
27
-6
38
-51
50
-71
23
-60
33
-48
-25
117
32
-66
-27
117
16
-84
-45
100
4
-90
-5
-94
44
-11
-100
124
93
27
-41
35
15
98
-2
-102
99
3
17
-43
-75
-68
98
109
66
47
124
-95
13
-103
-22
64
-110
-95
38
0
-95
-35
-84
14
-55
88
89
-27
-115
48
-93
-47
-7
-50
81
45
-113
77
-89
-46
112
-66
8
-92
-108
-63
113
47
-3
-80
-40
-117
-95
-20
-20
111
-65
-38
-114
87
25
38
-81
-78
-72
-43
31
-9
41
102
-61
105
19
64
-120
-98
76
-104
80
-71
107
4
-105
82
-65
-53
55
74
106
-67
124
-75
20
-93
-67
-83
-17
-93
54
-19
-78
102
33
-111
62
-110
107
64
-84
84
-124
-112
79
-10
-83
66
-38
-90
-55
34
-43
-101
-79
38
-84
37
-125
-36
-82
-118
-73
113
123
-48
33
-39
-39
-48
84
25
-67
-94
6
22
-109
23
123
-40
25
12
52
46
-46
84
94
6
-40
0
20
-60
12
103
70
111
-110
72
-16
43
-126
-36
-127
-106
-21
-26
81
111
-19
34
70
89
113
18
-55
-125
59
-29
70
19
16
47
-69
-73
-7
53
53
-16
-29
51
24
5
52
-53
-113
-86
82
-8
-37
94
-102
109
1
36
0
-46
22
125
77
24
-66
107
-9
-35
-49
46
-62
85
-10
-83
-53
-31
-73
67
104
-116
-66
-27
-102
52
-125
52
74
-63
57
88
25
42
124
127
-49
49
-52
125
37
18
-62
32
126
-8
53
-118
-29
7
5
44
-125
120
-13
-11
27
-56
-29
66
-37
96
71
-107
124
52
38
99
91
-93
103
-73
-90
113
27
-41
67
25
50
82
-128
-64
9
-120
-35
-65
-128
93
-7
86
-51
26
-76
71
94
-10
0
-6
52
-122
39
86
61
120
-52
-79
111
-82
63
-53
88
-50
52
-57
-24
-95
-66
19
68
-128
83
-120
-22
36
-13
-121
-83
10
52
-59
-79
-49
15
-117
25
-42
74
-103
76
-116
-13
104
106
-65
70
-27
-29
27
-34
-31
117
57
-39
-68
-103
-103
65
95
81
-63
-117
-118
88
44
-56
-24
-18
-9
118
49
-62
86
-77
-21
-90
-46
59
-115
43
85
96
92
34
-72
-85
102
18
-11
91
71
-3
-119
2
51
-92
34
-59
-87
-119
25
-12
125
40
-47
84
-113
86
50
88
49
-121
-19
-110
-29
107
73
-70
6
-52
59
-87
24
-73
53
-6
19
-27
-36
12
42
-115
127
-108
35
54
75
-14
-107
-82
-23
-103
95
31
65
-32
49
46
-109
10
119
-123
-41
-122
56
-68
-47
25
26
44
-48
-14
83
-106
102
75
118
-81
72
-24
-42
-12
-33
83
-38
43
-91
-78
7
111
-119
-8
64
62
-101
33
121
97
94
-124
104
-93
-55
-78
84
80
18
10
-87
69
-121
-2
-96
-65
109
-13
-88
40
-68
-105
-74
1
61
10
-124
94
87
42
25
-59
-24
11
4
36
93
71
-36
112
72
-107
15
-43
47
-47
68
-20
62
50
-45
6
31
-24
-80
85
-56
-12
-124
-86
41
39
8
76
-5
105
-80
-98
53
113
-36
-62
-95
-118
-122
-70
-40
71
-72
-69
-3
-80
14
90
87
-26
-65
-122
23
-47
120
-112
-2
43
-11
18
-33
-4
-9
-34
42
120
-32
27
9
89
-72
-121
-122
95
-17
31
-126
3
3
105
-120
73
107
113
32
-110
37
-6
53
106
8
69
95
-21
3
34
-18
-113
-100
0
-35
55
-66
-77
-100
110
-120
13
-38
-39
125
-70
46
-66
-100
-32
26
-63
58
79
55
-17
-27
-106
51
109
62
114
-15
-8
-86
-79
37
103
110
-94
107
56
8
-61
-45
45
9
-77
-110
-110
10
9
-126
85
110
39
120
87
-42
55
-120
97
109
-11
30
56
35
-39
106
-121
48
-107
-102
-97
90
106
-15
-16
50
61
-100
-3
-37
-78
86
99
122
14
-31
126
66
63
-8
-44
24
-29
-78
-9
62
-64
-103
-71
31
48
7
84
96
-94
13
-61
7
64
-63
24
-80
-103
109
15
54
63
53
-28
49
67
119
92
94
15
114
84
118
92
4
-11
39
17
-14
-40
49
-5
-101
83
2
76
-7
-20
117
-21
-92
-46
-33
28
-19
51
109
-121
1
-57
19
98
-17
-94
-111
-37
40
34
45
17
-15
-88
126
7
41
-87
93
21
-69
-11
-34
-124
78
101
108
105
-114
98
-4
-91
14
76
-80
11
39
17
-63
23
52
10
-108
45
-36
-60
37
-42
-73
100
55
17
75
-29
66
-104
-35
-16
-115
81
-58
10
-39
-102
60
-64
-6
-85
-36
72
-73
-45
4
5
72
-13
109
-68
-112
29
104
67
-87
87
-49
-22
21
-24
-49
-29
104
7
2
119
-104
121
90
20
6
90
56
-31
-103
95
55
-97
-7
-53
-123
124
86
31
62
-10
-34
37
27
-98
7
-113
-20
86
21
-115
-96
-39
91
-2
-104
97
-76
30
-75
-63
14
-95
-55
-85
-95
99
-69
32
102
62
-24
-73
87
-35
26
-116
-126
-98
98
4
11
44
-104
109
15
64
-52
-42
4
96
47
121
-50
-58
-118
-79
-100
-127
90
101
-32
96
-60
-86
-103
46
-74
-87
-83
-117
114
81
22
117
86
79
63
13
-83
-126
-7
4
2
-62
-53
-77
-12
48
-3
-49
-77
-57
-99
66
-100
-6
34
-19
58
36
127
-98
-40
60
-83
114
76
-85
65
-114
-118
-13
-57
-88
-28
-60
-9
124
-119
-87
121
31
24
47
-81
-88
-49
33
116
77
-80
-60
40
-69
118
122
125
32
-47
-87
114
-2
-88
-107
60
40
-40
-14
22
-105
-66
98
105
-10
-23
98
52
-58
-10
-17
-11
110
108
-54
-97
-21
-120
-123
87
-122
-107
7
-18
99
88
126
-110
-20
51
-7
-12
11
32
99
21
-37
82
28
49
94
-91
67
-105
93
-45
118
49
-104
90
-36
-17
-2
98
-114
49
121
39
-44
26
-80
28
116
20
11
-84
-116
-25
87
50
73
-102
22
-65
28
-21
-51
104
-112
120
33
-97
-35
113
26
91
9
-77
-72
-12
19
85
49
-27
-71
26
-85
-10
55
-7
79
104
-6
-61
-122
-104
47
30
124
126
-99
105
45
107
123
92
55
-17
-69
99
62
-19
-54
123
123
-17
-9
12
118
-76
-29
-75
-116
-119
18
60
-37
-27
-120
34
80
-62
1
24
-71
101
-123
14
3
8
-89
29
3
16
127
69
-59
38
44
-67
115
-117
40
-124
-100
64
-117
69
21
-118
-8
122
87
96
29
-8
29
117
90
-78
-35
-60
-78
7
103
97
126
-17
-71
120
66
-89
9
-96
60
-78
79
-33
-50
-73
-60
-114
102
-66
14
71
71
21
-49
-21
-77
50
-46
-42
17
-128
-4
115
84
87
91
13
-111
101
79
-105
-26
53
-114
44
-16
-2
-30
-57
-59
89
37
31
-22
39
12
41
-17
120
1
75
-71
55
91
-83
78
-12
-23
99
-38
-73
121
36
104
4
-17
81
-9
39
-123
66
-70
100
-11
-123
44
-70
-67
-113
-13
87
-12
38
-73
101
-46
121
9
-83
76
15
-32
-86
8
-13
33
119
-48
81
92
-10
108
-41
-108
-34
-107
74
67
125
100
9
119
-33
-74
45
35
99
102
-59
73
-56
76
-100
-38
-59
-80
-31
-34
-115
-42
-97
56
16
-94
14
-117
-89
110
-51
30
-118
-88
-43
-26
15
-42
-123
-33
102
-55
68
-50
15
-90
28
96
-65
-98
42
88
-46
-38
-88
2
-43
-76
-49
13
-23
-40
-128
62
-113
3
64
103
68
-120
122
31
123
24
19
114
120
-91
-41
-78
85
-125
5
72
-55
17
-35
122
1
0
-126
84
3
-23
70
-64
49
-52
-21
104
93
-31
4
13
15
18
46
79
-71
-33
-67
-60
42
-116
72
90
-71
-16
-71
4
13
0
-53
-50
84
-19
-54
-33
126
-77
60
-43
107
-5
79
26
34
37
25
83
52
121
75
-42
82
74
-88
98
38
-7
-3
-19
21
71
-6
116
-73
110
-52
-118
48
-57
12
66
-16
78
-14
85
-90
-7
-123
68
-10
-91
-70
-35
-89
-9
11
-17
-56
66
73
125
-115
97
-83
100
25
23
12
80
-50
36
69
106
-31
7
-37
102
-106
-8
8
108
-56
-105
-113
-117
-6
-11
-63
6
-119
-111
-103
-49
-8
32
32
-77
-72
80
-22
-6
24
-34
-89
39
122
74
-27
39
81
-9
-90
-128
0
4
41
-97
16
-80
90
51
21
101
-76
0
-102
-67
-40
-9
108
-102
48
77
91
-20
-74
-47
-91
6
21
1
85
-123
-74
-9
-106
-47
82
-119
21
77
74
-10
-35
90
-68
101
12
6
65
19
-81
-102
-63
43
-84
84
41
33
93
-49
11
71
74
81
2
37
-69
-59
-110
56
124
-38
35
123
91
-23
-20
