139
134
43
173
58
120
233
130
176
245
45
212
116
158
7
70
137
77
229
66
208
95
122
247
212
88
22
213
168
246
225
132
240
209
112
122
142
140
88
68
114
34
118
82
130
140
246
95
95
94
199
18
241
87
144
198
166
111
161
20
29
61
2
189
95
55
46
107
64
41
246
137
8
141
216
91
3
172
121
171
52
20
156
6
39
255
222
201
101
83
50
131
195
72
243
46
208
5
62
143
202
250
81
175
165
143
158
40
162
126
90
184
220
139
206
41
125
0
70
88
199
189
199
136
193
89
75
10
57
93
171
141
232
28
110
114
24
51
205
149
141
37
136
94
154
214
52
203
33
54
26
135
204
130
244
54
217
208
214
58
73
26
200
99
26
96
175
155
54
92
136
77
41
26
168
193
137
84
213
197
215
71
204
0
146
63
140
115
102
154
116
1
172
235
136
130
228
164
128
1
155
110
171
68
116
207
44
161
37
86
44
33
70
159
79
0
94
21
117
142
18
244
81
153
83
215
208
151
249
62
192
175
87
190
90
190
40
77
206
46
95
185
64
199
75
225
250
72
171
255
166
202
173
67
50
212
253
239
55
205
167
40
15
160
212
108
35
129
128
200
209
113
179
130
27
186
171
70
113
103
174
226
129
245
69
45
204
109
196
15
91
72
226
73
111
60
32
237
235
54
164
46
36
129
116
111
93
87
80
90
65
191
132
94
180
107
29
156
208
95
105
86
42
220
86
252
151
25
243
65
36
238
11
45
232
151
140
254
1
42
153
134
118
201
52
115
138
13
208
240
244
98
197
219
155
136
23
23
142
244
122
109
164
149
193
77
81
223
166
104
84
168
254
80
193
152
21
145
29
230
4
0
149
219
38
47
247
11
223
192
169
84
83
102
166
207
244
130
220
254
53
221
116
236
47
201
48
31
130
17
78
245
36
186
66
6
31
107
35
213
9
125
216
199
18
122
43
139
199
220
224
242
56
33
221
53
215
185
55
83
134
97
66
87
18
227
25
132
213
164
216
57
235
175
213
217
175
134
182
210
223
56
95
221
70
132
7
114
148
36
81
53
229
35
214
202
174
52
55
142
177
66
51
68
91
28
122
219
106
84
127
104
18
25
139
106
124
247
219
230
24
55
211
213
180
81
205
47
138
94
84
63
93
120
128
33
57
238
29
54
20
145
39
33
233
62
70
192
137
245
181
142
144
126
50
76
143
176
211
59
29
229
104
204
110
189
135
175
106
84
56
237
90
236
56
9
189
164
197
149
241
141
175
158
76
37
11
227
238
73
98
138
241
151
65
89
2
50
139
195
237
15
157
63
188
211
43
78
22
87
152
33
196
94
126
210
155
18
246
37
106
104
111
248
178
217
41
40
154
201
237
217
94
50
78
117
21
183
129
182
2
31
250
70
214
219
208
152
205
14
241
80
108
255
53
220
39
46
53
41
6
168
38
33
104
91
17
121
30
173
18
116
225
128
3
93
21
201
241
95
105
5
45
201
75
28
33
14
24
164
171
21
50
246
3
136
131
210
129
222
83
46
246
209
122
223
157
7
230
117
196
219
114
71
197
232
46
227
238
117
181
62
34
83
183
168
218
121
9
171
228
152
200
132
235
57
1
50
86
67
115
230
218
153
57
77
115
213
117
80
26
132
84
112
38
113
112
190
214
218
79
236
109
176
218
137
214
29
22
112
251
171
232
214
137
21
50
224
154
197
14
157
104
184
205
9
206
255
174
32
69
31
24
236
20
231
201
132
246
139
26
197
102
60
9
91
191
8
96
123
133
8
7
3
63
183
172
122
240
205
54
64
39
144
168
217
112
130
173
47
60
76
13
60
211
96
128
113
198
125
165
230
240
186
229
185
25
49
168
130
34
236
131
239
244
252
97
3
33
2
88
37
111
215
146
223
194
176
173
150
149
16
199
194
93
112
157
88
141
180
143
203
32
153
166
133
211
111
210
21
183
159
188
25
146
59
19
165
99
254
50
176
47
3
241
155
33
117
162
204
58
5
190
225
54
224
117
61
83
208
168
40
221
244
142
87
177
150
121
33
186
250
83
168
115
252
137
227
104
88
241
9
70
172
142
119
104
182
163
30
138
201
76
254
40
64
210
196
214
22
52
99
249
103
60
59
111
108
15
93
57
249
244
147
29
109
211
251
63
39
106
44
242
37
119
8
180
204
22
125
207
94
96
245
181
30
254
109
243
217
34
7
222
117
64
40
57
207
201
209
247
255
204
166
153
220
203
66
101
218
204
225
3
246
197
178
242
61
39
93
127
200
165
92
202
206
103
209
86
225
173
105
89
43
9
205
246
91
143
238
190
253
189
254
25
128
200
85
48
52
85
89
102
250
201
101
253
31
89
123
40
110
36
196
219
11
38
51
140
44
134
175
3
133
150
189
162
243
129
122
199
19
206
170
49
224
162
150
202
216
146
168
151
13
93
98
238
177
66
183
32
145
162
52
49
32
54
21
114
144
144
135
63
182
81
111
15
127
165
198
76
195
76
65
2
64
253
61
195
210
204
239
220
60
234
131
22
134
251
10
164
169
205
96
75
2
220
225
105
10
127
20
32
75
124
28
1
43
97
199
247
201
31
209
76
101
219
208
177
222
133
91
36
184
61
169
155
83
150
93
126
186
161
124
145
220
164
35
197
236
123
4
199
73
33
187
176
90
199
173
140
195
62
137
12
128
203
226
172
142
44
189
186
200
179
27
9
54
79
104
220
41
86
100
131
83
124
84
31
142
51
86
220
113
129
233
39
114
177
54
187
16
233
245
232
253
207
64
96
51
123
184
193
203
20
55
146
245
158
86
63
251
63
146
36
33
238
148
101
212
255
131
83
71
38
97
145
241
173
121
194
126
164
84
38
80
29
105
225
146
225
198
33
141
72
112
43
41
154
140
71
227
205
255
6
159
54
194
56
154
88
14
134
138
145
31
77
11
183
1
219
126
189
220
24
74
163
10
59
195
63
78
45
242
219
12
33
171
156
61
194
158
194
41
63
79
154
83
10
123
40
209
184
134
178
86
187
53
159
104
254
223
201
127
205
169
67
190
56
148
125
25
214
168
16
91
217
72
104
114
242
198
246
133
201
70
231
90
92
224
156
221
237
119
233
33
182
67
19
133
187
89
20
133
86
217
67
139
84
17
29
52
254
163
138
207
147
107
23
165
175
161
50
82
19
194
44
17
75
210
199
207
204
158
247
21
243
176
69
177
104
179
163
94
44
115
224
28
196
237
179
223
133
168
173
163
93
47
205
106
211
164
5
49
215
120
7
72
55
74
5
179
167
171
151
6
69
165
58
60
166
158
58
207
19
99
96
197
98
162
55
1
130
69
198
154
87
188
234
236
88
212
55
104
220
100
213
117
120
215
176
125
230
163
146
190
149
53
135
185
57
153
97
217
79
100
17
68
50
223
114
0
23
76
41
56
101
192
164
193
124
185
129
176
186
187
164
94
114
94
208
105
37
191
144
169
16
22
173
53
175
122
16
126
16
91
200
192
41
175
124
109
171
120
10
173
148
246
156
170
139
108
171
150
81
201
137
37
77
20
208
47
214
63
91
253
111
29
183
166
166
43
182
208
225
28
151
242
240
220
44
75
38
227
29
229
252
4
29
132
192
165
73
140
23
11
218
176
197
199
72
30
150
123
255
10
43
193
70
125
148
95
196
174
91
22
173
153
132
18
55
33
131
100
52
174
38
71
217
120
129
109
11
19
207
199
165
75
195
91
83
133
153
242
205
238
115
9
201
128
186
43
243
69
23
89
32
9
231
52
2
71
233
83
55
171
205
45
101
39
74
64
146
213
213
221
205
192
226
98
163
110
70
250
206
214
143
205
82
110
246
107
8
115
3
177
141
163
98
178
84
124
236
126
47
199
180
21
61
116
20
46
253
234
124
168
29
143
140
228
245
88
61
208
119
227
119
72
175
112
130
150
183
42
45
199
170
77
60
11
71
152
227
172
107
101
194
156
119
147
230
196
126
192
103
21
63
47
232
89
160
31
245
146
210
183
158
242
198
196
109
157
239
208
180
30
193
123
58
28
106
176
180
68
40
169
204
145
145
50
161
217
241
20
88
65
203
32
97
169
125
241
172
229
76
48
133
4
123
15
104
204
164
115
155
197
10
30
164
93
178
171
103
55
230
150
204
151
124
47
143
138
157
151
153
2
185
113
249
253
217
162
146
154
59
222
41
82
37
18
252
226
157
33
1
255
219
60
72
147
170
67
15
135
50
239
248
86
206
109
50
21
140
199
198
148
138
77
213
76
103
133
144
65
154
40
175
96
16
210
198
207
218
6
18
149
152
190
206
194
188
103
163
219
152
170
156
45
28
33
211
135
193
213
46
138
115
252
181
18
123
105
225
208
179
136
70
221
27
25
19
82
91
97
137
177
203
105
192
51
171
124
89
225
35
124
170
16
177
119
198
107
240
44
170
148
96
112
182
106
64
46
189
155
186
151
43
36
228
41
80
169
116
193
92
86
8
16
38
62
247
146
181
140
145
197
170
241
70
103
187
24
253
236
251
111
193
131
212
122
38
153
171
166
156
75
237
27
127
123
52
11
166
132
204
49
31
133
160
211
177
167
10
78
56
32
65
175
221
249
140
85
189
31
133
170
108
114
21
62
137
123
216
32
160
119
100
217
177
93
235
101
100
167
50
225
222
215
253
67
158
114
77
196
90
128
174
200
176
105
227
242
33
255
147
234
53
107
78
249
164
115
72
98
183
41
17
153
48
171
223
211
31
18
118
149
113
138
111
101
226
182
243
212
127
189
234
132
229
107
209
23
236
92
137
120
131
37
98
173
90
214
210
106
59
35
65
241
62
15
192
226
23
21
99
71
236
135
242
205
10
82
201
149
84
106
127
248
211
67
85
46
206
213
231
241
10
64
148
44
192
153
2
127
6
98
64
60
90
248
186
193
174
22
150
180
44
69
242
88
16
111
115
83
206
27
130
6
189
106
70
225
247
228
16
138
27
228
92
63
133
192
138
62
223
164
130
206
201
227
106
11
53
65
92
240
52
248
149
139
205
5
180
51
144
156
133
111
129
133
15
36
221
9
186
154
182
233
109
187
201
228
108
96
60
165
73
155
47
95
28
225
47
114
47
68
188
107
179
134
120
185
96
183
129
230
15
170
68
137
130
202
1
245
20
120
223
55
192
104
120
125
169
226
118
200
24
226
229
230
202
73
44
0
129
29
81
25
252
30
35
133
197
206
171
104
48
150
86
59
237
126
186
254
11
69
141
58
120
101
234
30
40
127
34
156
78
78
107
21
156
253
82
1
76
224
91
111
147
162
59
54
23
105
44
225
207
20
217
207
65
39
111
193
3
216
27
235
59
130
54
6
96
110
38
93
33
54
87
123
81
64
90
124
140
48
32
40
13
242
17
115
239
84
137
123
153
127
18
133
31
7
11
230
88
125
1
77
24
97
72
72
28
89
142
142
250
180
83
87
18
142
240
247
131
25
202
254
125
48
82
100
103
43
80
186
207
133
15
235
240
3
178
93
48
208
28
135
166
131
50
33
147
226
213
132
212
196
179
141
90
192
252
119
93
203
27
133
90
98
100
200
215
63
20
248
140
120
230
35
230
55
80
136
231
134
14
244
103
5
59
39
163
112
32
149
227
125
111
185
74
160
111
3
15
10
116
12
98
27
28
47
99
185
172
187
198
16
102
254
59
5
210
232
102
22
212
146
7
117
255
229
76
60
120
88
94
89
126
149
184
230
115
109
165
238
89
24
169
32
98
141
52
72
88
129
239
228
191
158
183
144
204
189
81
125
117
176
235
35
109
46
62
49
240
235
91
206
243
153
52
166
97
224
143
225
45
231
74
157
234
194
93
149
63
63
83
236
81
170
115
244
244
164
172
153
111
86
130
187
167
253
24
164
204
134
129
212
142
235
82
238
19
21
62
203
133
245
124
98
149
167
16
213
218
71
87
125
245
58
229
128
164
56
104
68
13
254
233
80
5
165
105
102
168
112
178
104
10
83
44
190
200
48
133
161
213
51
171
164
188
78
60
252
27
236
64
144
58
145
179
48
94
188
234
71
201
42
9
9
71
14
238
235
97
4
53
92
49
193
121
250
209
154
130
233
0
188
143
116
9
119
168
101
108
223
91
96
248
29
168
156
49
124
110
35
181
27
184
140
35
139
165
234
176
37
13
127
239
96
114
19
53
196
237
44
189
157
177
76
92
73
116
36
77
143
67
235
113
173
250
184
126
85
162
6
184
244
192
119
236
51
69
10
41
120
84
41
203
150
190
129
4
28
222
183
40
228
238
228
46
20
78
177
228
167
152
217
171
169
114
132
176
172
229
4
64
55
227
29
152
229
201
203
148
135
28
70
52
175
154
21
50
232
190
138
179
8
195
151
207
111
232
2
75
154
181
79
189
135
182
94
95
142
210
197
22
115
43
206
123
183
72
10
238
244
201
108
182
182
9
10
43
225
72
104
27
141
219
137
216
155
227
150
158
253
30
17
8
249
62
42
64
57
182
38
139
188
13
87
220
204
93
104
17
241
15
44
203
37
235
59
74
208
57
72
228
253
128
19
5
174
230
83
165
221
254
201
90
193
73
218
4
148
6
142
249
186
5
157
94
221
106
32
211
245
138
224
158
247
177
104
87
46
203
92
98
230
219
8
87
30
136
107
19
195
109
220
134
74
132
60
85
130
200
156
52
97
245
199
94
248
21
161
20
193
147
250
254
100
125
151
218
239
81
67
86
8
209
83
181
175
124
221
116
183
20
136
69
25
148
237
18
159
61
164
199
112
213
4
149
213
21
3
146
250
217
233
54
141
115
225
43
255
183
166
32
161
219
22
115
202
153
141
15
187
94
74
2
78
41
204
212
27
111
65
38
241
190
167
21
68
133
163
56
247
197
121
201
31
35
18
