-108
19
-31
19
-81
83
61
75
64
-15
-63
67
-46
-113
-109
29
62
8
-28
-118
-117
13
-29
112
-59
24
-102
84
85
11
-94
-25
-124
43
-74
44
-87
-93
2
-49
-97
47
70
54
-44
-32
19
86
-11
-111
-58
72
-110
18
-94
55
-12
-52
23
-69
101
3
-66
97
83
-50
-6
23
102
-76
-66
-122
74
-38
-56
72
115
24
34
72
-52
71
111
-62
-38
46
-75
-125
-81
112
-67
40
-37
110
-50
-113
-64
-98
97
-20
-60
-12
-100
-30
76
-121
39
-98
34
101
3
-2
5
42
49
119
55
-26
-49
43
31
-82
84
119
85
99
112
-127
-106
-93
-11
-83
10
105
71
-23
23
1
-61
-2
97
109
-92
-61
28
83
51
5
23
-122
-91
-18
68
34
-61
53
23
5
126
117
-119
39
55
-24
-119
-96
-74
-7
100
48
116
-62
-32
60
118
21
93
70
-35
-123
-72
79
40
-2
-62
34
13
-22
-111
-66
-97
58
51
127
-34
54
-124
-64
-5
-84
-115
-100
-28
103
53
50
-33
-112
35
-38
-26
-126
-102
-4
68
-35
10
-40
51
91
-48
108
-45
67
107
-41
80
47
86
-126
-103
7
78
-54
80
25
88
116
-80
53
-71
-57
94
77
-67
-53
-106
-17
119
124
-68
-31
-57
-60
21
88
-27
-10
-19
14
-119
-60
88
101
-31
11
-22
22
-60
-23
-27
118
122
21
5
20
60
-4
31
-33
-64
-117
110
60
-71
-128
-94
44
119
-64
-85
9
-12
54
-117
17
-110
-118
95
48
117
-75
-126
-36
-50
65
-71
75
20
89
-96
-58
118
5
-124
66
-43
86
34
13
64
-128
66
102
-127
-110
29
89
55
-78
-65
77
-23
29
12
-46
-46
-78
-72
13
26
88
3
-127
-31
45
19
64
72
-22
-29
60
17
-127
37
38
-60
73
110
-28
104
-115
-92
-8
76
-105
64
64
-29
43
-29
-98
84
50
-48
-63
-90
46
71
-29
55
-4
-8
36
62
87
105
94
-31
-84
-69
116
36
31
-56
1
30
112
65
-103
-3
86
127
46
20
-123
34
97
-124
-28
-104
-8
46
0
-14
-107
-33
0
-37
4
-6
94
83
-112
-81
-65
78
-95
47
28
-117
79
99
-89
75
16
73
76
74
-34
114
-34
-44
66
-67
-50
9
105
-123
15
-110
-111
-48
66
112
34
-43
-35
15
63
-56
38
-99
-123
118
123
-65
32
44
-31
11
60
-38
-41
-31
25
-104
-64
32
-116
102
-8
2
-40
-60
-45
-125
76
-94
-95
