67
79
80
49
1
0
16
0
24
1
0
32
0
112
0
32
5
0
0
0
5
0
0
0
5
0
0
0
2
0
251
1
48
1
0
0
48
64
0
0
0
0
0
0
49
1
2
0
49
64
0
0
160
19
1
0
50
64
0
0
192
50
0
0
16
0
0
0
36
64
38
0
164
55
113
124
5
1
1
0
15
1
1
0
0
64
0
0
0
0
0
0
1
64
0
0
0
0
0
0
2
64
0
0
0
0
0
0
3
64
0
0
0
0
0
0
11
1
48
0
12
1
48
0
10
1
9
0
4
1
0
0
5
64
0
0
10
0
0
0
4
64
0
0
1
0
0
0
6
64
0
0
1
0
0
0
9
1
251
255
7
1
0
0
0
1
4
0
1
1
1
0
3
1
5
0
2
1
2
0
20
1
65
0
31
1
2
0
16
64
0
0
0
0
0
0
17
64
0
0
0
0
0
0
18
64
0
0
0
0
0
0
19
64
0
0
0
0
0
0
18
1
48
0
17
1
9
0
19
1
15
0
27
1
48
0
28
1
48
0
26
1
9
0
21
64
0
0
160
5
0
0
20
64
0
0
16
0
0
0
22
64
0
0
160
0
0
0
24
1
128
255
33
1
9
0
32
1
3
0
34
1
4
0
46
1
17
0
40
1
2
0
32
64
0
0
64
20
1
0
33
64
0
0
32
50
0
0
41
1
2
0
34
64
0
0
160
19
1
0
35
64
0
0
160
0
0
0
37
1
0
0
38
1
128
255
39
1
127
0
22
1
11
0
21
1
9
0
23
1
15
0
36
1
0
3
47
1
0
0
17
0
0
0
2
0
0
0
48
64
0
0
192
50
0
0
49
64
0
0
96
70
1
0
50
64
0
0
32
149
1
0
16
0
0
0
16
64
0
0
160
0
0
0
19
1
123
0
32
64
0
0
96
75
1
0
33
64
0
0
32
144
1
0
34
64
0
0
96
70
1
0
35
64
0
0
0
5
0
0
47
1
7
0
17
0
0
0
2
0
0
0
36
64
38
0
128
218
94
75
5
1
65
0
15
1
2
0
4
1
139
0
5
64
0
0
160
5
0
0
4
64
0
0
16
0
0
0
6
64
0
0
160
0
0
0
9
1
128
255
0
1
1
0
1
1
0
0
3
1
1
0
2
1
1
0
16
64
0
0
160
19
1
0
18
1
24
0
17
1
4
0
19
1
139
0
27
1
24
0
28
1
24
0
26
1
4
0
21
64
0
0
208
2
0
0
22
64
0
0
80
0
0
0
33
1
2
0
32
1
2
0
34
1
3
0
46
1
0
0
40
1
0
0
32
64
0
0
128
205
1
0
33
64
0
0
176
5
0
0
41
1
0
0
34
64
0
0
224
199
1
0
35
64
0
0
160
5
0
0
22
1
24
0
21
1
5
0
36
1
0
1
3
0
0
0
48
64
0
0
48
211
1
0
49
64
0
0
240
89
1
0
50
64
0
0
192
113
0
0
18
0
1
0
16
0
0
0
36
64
39
0
128
78
192
123
0
64
0
0
160
19
1
0
11
1
24
0
12
1
24
0
10
1
4
0
5
64
0
0
208
2
0
0
6
64
0
0
80
0
0
0
0
1
0
0
3
1
0
0
2
1
0
0
16
64
0
0
0
0
0
0
33
1
0
0
32
1
0
0
34
1
0
0
46
1
1
0
40
1
2
0
32
64
0
0
144
95
1
0
33
64
0
0
32
108
0
0
41
1
2
0
34
64
0
0
240
89
1
0
22
1
9
0
23
1
31
0
36
1
0
3
47
1
2
0
17
0
0
0
2
0
0
0
36
64
38
0
128
103
165
105
0
64
0
0
0
0
0
0
0
1
1
0
1
1
1
0
3
1
1
0
2
1
1
0
16
64
0
0
80
70
0
0
33
1
2
0
32
1
2
0
46
1
0
0
40
1
0
0
32
64
0
0
144
74
2
0
33
64
0
0
176
5
0
0
41
1
0
0
34
64
0
0
240
68
2
0
22
1
24
0
23
1
15
0
36
1
0
1
47
1
4
0
3
0
0
0
48
64
0
0
64
80
2
0
49
64
0
0
160
140
0
0
16
0
0
0
36
64
39
0
128
180
12
91
0
64
0
0
80
70
0
0
0
1
0
0
1
1
0
0
3
1
0
0
2
1
0
0
16
64
0
0
0
0
0
0
33
1
0
0
32
1
0
0
46
1
1
0
40
1
2
0
32
64
0
0
64
146
0
0
33
64
0
0
32
108
0
0
41
1
2
0
34
64
0
0
160
140
0
0
22
1
9
0
23
1
31
0
36
1
0
3
47
1
2
0
17
0
0
0
2
0
0
0
36
64
37
0
128
193
9
79
0
64
0
0
0
0
0
0
0
1
1
0
1
1
1
0
3
1
1
0
2
1
1
0
16
64
0
0
80
70
0
0
33
1
2
0
32
1
2
0
46
1
0
0
40
1
0
0
32
64
0
0
160
199
2
0
33
64
0
0
192
5
0
0
41
1
0
0
34
64
0
0
0
194
2
0
22
1
24
0
23
1
15
0
36
1
0
1
47
1
4
0
3
0
0
0
48
64
0
0
96
205
2
0
18
0
1
0
16
0
0
0
36
64
39
0
8
137
26
108
0
64
0
0
80
70
0
0
0
1
0
0
1
1
0
0
3
1
0
0
2
1
0
0
16
64
0
0
0
0
0
0
33
1
0
0
32
1
0
0
46
1
1
0
40
1
2
0
32
64
0
0
64
146
0
0
33
64
0
0
32
108
0
0
41
1
2
0
34
64
0
0
160
140
0
0
22
1
9
0
23
1
31
0
36
1
0
3
47
1
2
0
17
0
0
0
2
0
0
0
36
64
38
0
34
121
255
97
0
64
0
0
0
0
0
0
0
1
1
0
1
1
1
0
3
1
1
0
2
1
1
0
16
64
0
0
80
70
0
0
33
1
2
0
32
1
2
0
46
1
0
0
40
1
0
0
32
64
0
0
192
68
3
0
33
64
0
0
176
5
0
0
41
1
0
0
34
64
0
0
32
63
3
0
22
1
24
0
23
1
15
0
36
1
0
1
47
1
4
0
3
0
0
0
48
64
0
0
112
74
3
0
50
64
0
0
128
88
0
0
18
0
1
0
16
0
0
0
36
64
39
0
128
213
0
69
0
64
0
0
80
70
0
0
0
1
0
0
1
1
0
0
3
1
0
0
2
1
0
0
16
64
0
0
128
8
1
0
19
1
111
0
21
64
0
0
48
2
0
0
33
1
0
0
32
1
0
0
46
1
1
0
40
1
2
0
32
64
0
0
0
145
0
0
33
64
0
0
32
84
0
0
41
1
2
0
34
64
0
0
160
140
0
0
35
64
0
0
96
4
0
0
22
1
9
0
23
1
31
0
36
1
0
3
47
1
2
0
17
0
0
0
2
0
0
0
36
64
39
0
0
64
225
127
0
64
0
0
128
8
1
0
4
1
111
0
5
64
0
0
48
2
0
0
0
1
1
0
1
1
1
0
3
1
1
0
2
1
1
0
16
64
0
0
0
0
0
0
33
1
2
0
32
1
2
0
46
1
0
0
40
1
0
0
32
64
0
0
80
167
3
0
33
64
0
0
112
4
0
0
41
1
0
0
34
64
0
0
240
162
3
0
22
1
24
0
23
1
15
0
36
1
0
1
47
1
3
0
3
0
0
0
48
64
0
0
192
171
3
0
49
64
0
0
64
156
0
0
50
64
0
0
64
108
0
0
18
0
1
0
16
0
0
0
36
64
38
0
0
88
41
84
0
64
0
0
0
0
0
0
0
1
0
0
1
1
0
0
3
1
0
0
2
1
0
0
16
64
0
0
176
54
0
0
19
1
195
0
21
64
0
0
16
4
0
0
33
1
0
0
32
1
0
0
46
1
1
0
40
1
2
0
32
64
0
0
96
164
0
0
33
64
0
0
32
100
0
0
41
1
2
0
34
64
0
0
64
156
0
0
35
64
0
0
32
8
0
0
22
1
19
0
36
1
0
3
47
1
1
0
17
0
0
0
2
0
0
0
0
64
0
0
176
54
0
0
4
1
195
0
5
64
0
0
16
4
0
0
9
1
0
0
20
1
65
1
16
64
0
0
0
0
0
0
18
1
0
0
17
1
0
0
27
1
0
0
28
1
0
0
26
1
0
0
21
64
0
0
208
0
0
0
22
64
0
0
16
0
0
0
24
1
0
0
33
1
24
0
32
1
4
0
36
64
37
32
76
55
137
65
22
1
0
0
21
1
1
0
23
1
127
0
36
1
0
1
5
0
3
0
36
64
41
0
52
183
229
115
0
64
0
0
0
0
0
0
11
1
0
0
12
1
0
0
10
1
0
0
5
64
0
0
208
0
0
0
6
64
0
0
16
0
0
0
9
1
128
255
20
1
1
0
31
1
1
0
19
1
11
0
21
64
0
0
12
0
0
0
20
64
0
0
12
0
0
0
22
64
0
0
1
0
0
0
24
1
202
255
33
1
0
0
32
1
0
0
40
1
0
0
32
64
0
0
160
24
4
0
33
64
0
0
32
16
0
0
41
1
0
0
34
64
0
0
0
24
4
0
35
64
0
0
160
0
0
0
21
1
3
0
23
1
15
0
36
1
0
2
2
0
0
0
0
0
255
255
