86
138
153
167
27
107
67
170
67
194
234
28
182
169
178
40
122
186
207
228
160
118
7
45
201
180
112
146
33
150
225
225
82
232
181
13
170
108
178
199
153
170
98
70
77
227
45
6
250
93
197
179
80
143
115
122
128
65
117
129
176
123
209
4
113
192
73
167
140
163
46
113
210
22
51
209
106
32
126
133
46
200
111
69
39
34
139
46
20
144
81
37
4
20
188
48
70
131
138
195
25
51
44
91
9
226
192
45
6
148
2
100
126
185
239
83
187
182
240
16
46
195
139
35
197
252
134
54
252
95
235
47
166
32
84
44
226
32
234
6
68
128
109
178
29
176
118
157
160
189
170
33
93
21
182
58
212
141
240
229
34
217
248
202
105
241
103
112
175
174
176
151
42
182
142
17
59
5
165
142
107
104
126
159
47
191
99
189
106
38
196
103
58
180
145
21
35
196
153
102
177
98
212
84
50
166
216
203
229
185
236
207
45
204
235
115
148
128
35
158
162
177
17
221
144
145
22
184
38
189
121
88
132
189
48
72
112
22
161
107
83
157
5
201
48
91
160
125
163
11
110
175
1
112
21
19
187
230
151
2
56
28
99
44
89
38
26
245
194
121
39
36
139
9
64
226
74
12
176
42
191
183
153
183
220
217
149
77
157
148
46
200
180
5
45
28
18
73
107
205
215
105
178
36
131
235
114
169
125
248
122
11
221
101
157
79
91
53
76
121
28
236
203
216
60
225
110
10
96
44
173
240
87
222
162
111
85
233
185
124
250
251
114
247
182
232
7
243
221
43
147
20
173
77
81
151
54
120
79
205
24
244
246
145
137
26
195
7
47
88
145
208
248
77
122
93
232
165
185
229
216
205
63
178
231
97
90
161
224
201
52
213
106
246
3
152
168
205
53
57
17
194
155
96
81
246
251
139
10
136
97
89
30
15
146
41
79
244
235
224
165
3
59
66
48
200
212
32
167
111
126
55
225
223
134
234
104
113
142
23
36
103
18
151
60
18
6
89
15
63
198
55
141
70
121
70
153
147
22
122
172
11
49
184
220
35
98
232
186
151
74
117
28
121
71
13
57
83
115
149
245
6
48
14
143
4
85
201
21
133
33
156
36
113
163
77
218
155
75
101
236
205
36
174
44
170
59
91
146
112
189
2
190
30
67
2
62
63
141
195
213
84
103
237
3
170
182
238
214
241
193
134
129
17
97
198
47
158
214
47
50
163
206
160
173
95
21
223
161
240
88
133
157
37
16
17
132
102
244
118
123
113
85
208
41
208
22
177
119
94
31
185
157
240
249
111
123
173
221
254
21
164
203
229
174
248
17
59
192
61
105
138
214
21
20
87
174
194
152
23
63
135
78
243
153
56
163
250
166
50
225
239
125
158
95
60
119
253
146
37
91
187
104
122
156
151
83
66
215
227
123
39
189
145
177
106
205
228
22
143
143
153
99
120
188
180
223
5
112
169
95
178
77
177
115
97
6
176
246
167
109
191
62
151
211
109
194
246
171
196
132
168
169
246
31
24
188
188
174
210
140
51
164
49
182
60
190
150
158
251
55
69
10
227
110
141
212
237
159
191
160
184
42
22
216
245
224
121
220
48
43
66
234
71
41
41
201
21
131
85
100
19
145
203
122
80
247
26
86
210
76
215
72
200
189
13
163
201
46
56
143
97
131
46
47
12
155
213
212
80
4
159
73
121
92
178
223
14
114
122
65
190
224
100
229
57
180
234
140
14
208
217
221
118
218
240
25
250
241
230
213
151
130
21
44
219
152
136
100
225
70
109
36
173
128
72
147
254
253
62
109
102
175
15
148
68
157
83
48
74
122
212
31
178
249
72
101
67
230
20
198
247
24
67
205
238
136
138
126
253
157
108
207
232
44
246
116
229
222
100
31
241
31
103
119
46
84
26
250
127
155
209
181
134
207
109
119
205
236
61
64
96
208
158
157
14
127
228
75
17
35
152
110
103
243
252
71
177
250
113
202
224
115
6
187
205
51
10
208
96
167
54
77
4
56
195
30
5
34
43
9
7
71
159
101
51
129
247
97
22
132
240
100
124
167
187
206
121
21
36
191
3
30
13
123
88
80
40
179
215
47
150
233
44
239
8
101
215
167
199
231
158
169
67
47
138
231
114
135
85
55
108
159
2
212
248
44
115
105
56
31
248
26
252
165
156
116
249
69
204
109
225
163
106
92
57
144
249
74
179
2
139
8
177
153
56
188
237
106
58
134
200
20
226
128
232
178
46
23
123
42
251
243
132
150
162
97
105
173
62
97
126
100
156
168
99
87
199
247
22
169
53
66
53
255
201
74
34
46
31
221
130
117
36
72
85
100
254
11
22
215
140
58
13
217
59
115
1
190
225
126
98
12
156
211
232
157
66
10
15
112
179
136
173
81
210
230
142
57
112
72
80
189
140
1
171
22
1
62
206
247
207
162
228
62
246
203
244
204
45
196
141
39
184
198
21
85
108
0
138
183
60
183
114
87
171
35
183
10
101
62
49
144
195
143
226
51
153
76
145
250
81
176
111
99
134
9
40
234
100
14
134
218
173
63
171
157
235
54
22
49
67
225
233
255
66
202
123
98
207
122
148
171
12
115
183
25
39
9
18
15
125
187
119
27
149
155
128
23
120
155
147
76
161
250
100
181
139
204
22
188
210
20
43
85
244
231
49
36
138
179
22
114
72
114
226
109
85
110
69
23
58
243
5
45
92
100
49
159
86
117
193
163
180
29
122
16
17
149
235
112
133
234
243
179
3
184
158
22
82
226
222
72
53
250
5
50
49
233
97
23
52
131
141
128
229
148
251
89
217
59
175
227
170
136
154
147
86
8
116
64
62
123
80
45
142
85
138
41
58
131
101
103
140
81
231
220
232
181
229
219
41
27
213
107
77
178
69
213
214
181
194
230
146
33
230
214
235
251
166
204
0
163
190
206
160
159
35
196
40
203
203
45
210
35
130
239
155
116
116
199
248
237
36
203
225
148
64
52
223
14
119
154
39
233
177
186
209
114
222
119
243
249
149
202
96
24
244
89
192
0
80
189
45
161
36
129
244
153
191
174
58
89
250
152
153
188
252
191
104
41
112
20
85
162
67
251
249
40
132
106
104
109
153
147
206
27
242
34
138
90
110
125
188
151
109
11
5
91
254
128
235
73
39
76
155
31
227
39
210
181
190
250
72
135
213
179
234
189
71
85
1
233
95
6
51
158
44
81
60
29
135
236
43
235
197
167
130
205
133
255
84
190
226
15
29
27
70
30
140
219
203
123
45
85
139
126
89
177
38
139
69
20
55
128
113
152
82
196
66
216
120
143
45
255
182
190
30
31
162
98
17
22
66
78
105
50
232
97
155
161
198
20
83
167
66
53
175
10
178
184
5
90
38
55
77
239
19
7
253
51
115
103
147
42
116
83
204
4
143
32
244
205
162
60
248
143
119
65
167
74
207
9
218
211
154
17
117
50
128
213
68
23
130
90
213
82
174
90
89
165
184
151
249
135
30
217
163
9
74
250
84
144
58
236
133
56
231
236
25
247
229
169
200
200
18
51
121
167
104
184
170
219
17
165
2
237
179
225
216
146
234
8
166
159
239
44
131
27
81
157
65
207
71
209
165
186
66
155
0
231
58
91
135
153
116
113
192
81
235
168
67
119
95
248
135
25
65
245
16
196
87
25
6
151
141
68
155
229
13
111
70
9
50
13
91
244
32
234
153
90
74
101
70
118
252
169
156
161
255
222
136
130
53
206
40
93
241
78
157
145
34
194
65
64
85
113
25
99
177
91
83
167
154
61
84
172
117
84
110
127
189
58
241
62
124
109
141
216
229
207
31
105
234
18
55
75
170
1
83
115
54
141
216
165
17
82
135
25
43
119
235
101
172
228
186
166
67
56
219
21
158
255
12
205
122
49
157
176
76
4
180
33
148
245
88
133
248
192
39
15
22
185
94
243
249
188
149
116
155
79
148
62
245
104
8
70
102
98
245
20
125
157
180
126
12
17
43
65
151
233
229
225
38
103
224
110
91
193
220
239
190
245
112
160
142
123
73
43
220
142
220
182
204
16
203
135
178
114
237
122
196
205
250
120
191
248
56
151
168
178
252
11
159
146
52
195
72
147
244
253
28
197
189
120
232
219
88
209
59
44
219
20
65
148
31
249
188
105
149
150
132
220
133
157
25
102
4
137
38
25
125
219
195
177
106
10
111
237
99
132
76
144
202
234
110
176
106
168
50
251
221
49
53
228
9
77
237
34
249
183
249
230
184
18
124
243
192
222
179
242
4
219
78
73
144
128
146
253
234
219
59
113
141
212
43
5
175
172
244
148
34
118
119
187
236
222
240
135
172
55
155
212
146
228
187
0
193
175
32
132
27
248
224
179
220
72
67
43
77
176
212
114
254
188
244
218
153
180
200
46
183
101
72
27
213
242
189
168
255
203
145
81
31
219
99
30
229
220
48
71
224
135
157
253
229
5
165
215
100
131
79
36
84
91
133
24
102
134
12
202
162
20
104
8
66
56
153
190
251
152
227
180
4
144
231
182
57
201
183
201
96
127
197
91
130
217
77
141
201
88
155
44
4
40
118
138
72
101
71
179
53
37
53
110
190
188
84
66
253
186
213
54
117
61
224
54
10
154
228
0
29
223
230
207
196
227
79
9
134
65
93
233
179
2
162
102
36
204
248
125
92
215
170
123
98
138
48
29
2
120
49
178
66
48
62
176
25
248
4
36
146
39
171
41
244
243
124
64
126
35
237
32
190
172
110
173
203
206
133
191
255
15
186
38
141
83
79
32
179
8
141
228
37
240
107
222
20
183
122
94
143
41
248
131
32
71
186
118
242
58
127
125
193
110
23
86
154
237
54
199
136
94
158
114
140
200
38
154
195
171
30
81
22
162
61
138
131
31
114
34
37
208
196
103
99
82
109
19
227
238
199
158
16
82
247
217
187
179
106
132
187
243
55
113
116
235
5
197
142
27
48
201
73
47
233
190
182
202
218
229
159
13
90
186
242
111
55
209
177
77
121
143
248
223
191
162
121
211
218
245
116
12
200
138
68
194
196
192
66
199
253
254
249
89
198
22
141
130
242
156
11
137
25
95
4
134
185
6
165
104
65
120
152
252
15
107
205
38
85
23
62
23
80
158
3
217
177
147
161
247
197
182
157
81
230
241
105
86
22
113
139
243
208
5
201
233
203
214
155
217
235
167
159
226
177
111
165
64
239
157
55
161
251
195
47
40
12
240
62
183
250
194
58
118
198
50
156
35
247
85
64
53
93
7
150
170
6
205
110
86
16
37
74
192
170
31
165
197
219
97
236
81
116
248
175
32
167
240
43
105
128
153
240
245
202
159
101
22
181
46
78
139
86
237
26
173
57
236
25
16
17
145
204
119
179
111
143
229
105
216
207
227
218
100
196
167
47
49
205
146
19
104
214
221
45
65
205
62
184
10
81
202
199
131
161
251
137
171
65
85
164
180
196
226
245
192
160
236
217
7
134
221
185
106
32
39
208
3
194
161
211
68
223
158
111
29
20
40
175
103
166
87
86
35
123
33
253
16
237
8
244
229
181
131
137
212
165
25
87
29
55
7
31
241
243
202
80
215
104
228
66
231
127
162
228
62
202
220
116
128
160
78
142
110
102
1
68
76
194
24
143
1
180
28
202
176
104
226
111
104
182
192
104
195
102
228
16
101
208
234
185
246
86
5
167
239
43
4
237
182
242
61
62
8
7
77
155
142
100
17
122
241
26
40
3
68
14
164
228
191
145
181
206
83
222
82
114
78
232
168
0
92
64
218
65
25
152
224
52
2
214
194
120
103
58
111
174
176
175
100
255
130
207
209
215
247
144
38
49
47
41
67
85
48
10
164
166
44
141
207
150
39
156
5
85
15
72
129
220
43
140
22
184
216
209
85
21
137
89
11
32
85
95
223
219
48
54
145
17
53
196
87
165
50
228
93
111
168
233
193
43
137
164
105
31
89
139
138
14
112
66
81
95
43
36
156
173
97
206
135
23
24
182
201
225
136
0
80
125
49
248
250
82
213
157
236
120
18
133
33
78
245
190
45
74
222
141
26
23
220
44
57
252
244
102
156
193
45
82
2
172
57
215
201
124
55
37
97
218
213
119
106
237
62
41
157
48
5
86
229
188
204
126
184
120
204
234
49
189
91
75
212
87
253
27
229
79
76
42
170
94
70
47
215
36
48
235
204
220
65
8
126
141
54
91
253
170
206
158
109
242
163
167
240
190
232
121
199
213
199
104
191
105
49
209
211
238
84
89
30
147
176
16
232
58
56
60
68
108
236
202
125
98
138
121
76
136
159
65
127
13
121
111
30
252
57
6
162
61
123
210
77
225
153
133
160
226
75
36
217
38
148
98
9
55
9
152
198
67
189
244
148
91
121
128
158
81
17
46
67
16
151
140
18
70
102
73
80
87
183
84
190
4
178
121
125
15
14
64
234
43
160
128
151
171
244
191
216
50
75
155
205
250
215
49
45
161
21
117
4
42
76
60
175
192
37
120
48
231
248
162
141
48
100
39
131
113
168
172
81
105
0
89
106
37
174
142
211
50
44
212
36
68
42
43
58
119
131
122
64
70
141
112
103
182
24
53
209
193
150
22
62
175
157
151
29
6
122
219
30
213
218
150
11
72
174
108
167
48
35
223
157
232
246
109
37
31
252
189
231
108
92
90
120
155
209
16
151
185
0
156
184
153
144
152
140
139
118
144
234
31
233
227
46
74
125
202
63
139
86
59
252
217
95
138
26
81
92
157
89
137
199
234
116
9
27
148
54
148
187
166
42
159
232
80
234
57
29
238
48
5
189
107
25
23
220
219
15
203
141
197
158
107
155
78
19
1
115
1
202
210
198
48
171
66
226
77
149
72
33
69
125
214
108
200
228
30
124
124
41
173
