36
170
32
7
239
17
75
182
75
27
220
139
23
30
66
234
99
237
118
0
64
6
236
235
10
31
23
71
216
43
105
238
17
116
151
4
26
246
84
148
198
74
21
120
66
76
161
150
47
110
66
46
133
156
46
255
151
29
6
248
97
77
158
18
193
168
228
111
38
133
148
98
31
127
233
111
178
128
174
141
3
215
60
209
5
214
107
65
159
35
145
78
224
140
155
231
18
171
23
203
112
212
66
34
196
233
216
127
3
71
211
28
118
154
248
184
53
88
231
132
108
233
120
170
102
45
179
238
8
27
247
25
28
132
63
88
37
52
34
150
255
122
151
243
112
154
181
254
113
190
154
225
1
60
253
19
3
238
249
114
125
157
136
8
240
23
17
151
7
66
126
93
67
9
50
87
222
138
139
142
113
244
100
180
202
128
212
88
93
62
187
183
187
3
126
121
216
26
33
215
109
9
70
67
81
236
240
156
16
161
57
102
66
61
35
110
157
192
138
124
121
159
127
180
222
188
5
37
168
191
164
200
70
119
154
152
52
242
116
149
172
169
208
4
15
227
132
92
112
13
133
195
237
82
2
196
74
189
234
83
221
203
123
164
175
87
204
4
161
121
165
120
106
111
61
171
3
184
169
60
190
130
102
1
122
153
177
138
198
220
237
190
83
57
148
241
85
110
168
111
117
88
31
48
225
42
111
244
145
93
184
50
242
86
240
28
230
90
114
80
161
76
204
161
139
71
91
84
211
147
23
179
84
100
103
92
177
122
93
167
77
94
233
154
123
213
253
240
137
126
237
136
10
28
63
106
125
24
84
9
49
13
25
196
230
56
150
230
224
226
13
179
176
14
36
14
158
43
223
151
64
198
4
165
216
29
25
85
191
8
73
36
247
1
122
26
255
249
9
94
218
62
215
58
208
49
47
167
162
113
60
151
46
194
238
44
184
61
154
210
36
70
82
13
134
173
242
122
150
125
223
143
171
255
161
208
233
117
162
207
213
35
20
242
26
31
8
108
237
83
216
64
109
170
112
128
207
127
119
110
12
97
182
193
42
72
170
56
31
251
35
182
62
119
77
127
18
125
242
216
81
74
27
144
60
24
206
120
250
97
93
134
48
223
58
235
14
117
57
183
111
8
72
52
196
32
109
133
235
195
190
194
228
56
111
107
206
143
197
248
61
190
178
6
229
234
33
157
236
128
205
136
42
57
155
107
211
169
197
116
184
94
141
22
9
151
126
236
218
136
56
225
215
217
139
84
139
161
76
211
66
160
82
201
26
199
24
46
106
152
135
162
147
45
126
142
227
159
203
77
172
10
131
26
67
242
207
255
155
77
77
101
153
149
17
243
84
217
36
105
195
73
181
231
70
223
12
70
224
249
72
142
16
110
75
33
187
2
17
71
35
217
100
164
9
83
202
249
50
109
146
145
182
132
140
89
173
196
232
227
30
11
8
75
38
71
178
2
139
255
112
140
195
197
225
44
79
114
187
173
110
47
22
95
56
172
214
164
145
104
31
86
238
28
94
59
118
21
145
91
46
43
85
29
132
218
144
77
98
252
0
103
200
181
93
110
59
9
52
56
39
102
65
135
53
215
206
118
12
4
29
84
171
9
97
30
186
86
46
226
210
206
221
193
80
87
211
178
142
129
35
229
159
69
142
33
90
195
67
155
10
142
54
202
59
113
90
227
58
27
33
58
68
32
137
186
255
69
190
92
41
250
83
205
93
14
192
165
195
153
84
253
245
114
82
232
220
88
253
135
236
236
148
223
215
166
27
4
135
200
174
26
45
162
0
194
158
152
153
234
160
86
79
23
210
156
243
221
116
205
246
90
224
108
245
163
125
168
74
107
223
143
72
159
55
96
28
244
239
129
142
198
163
91
200
30
64
54
206
169
103
223
82
104
1
228
56
20
237
105
181
181
6
84
61
181
210
237
90
147
150
48
81
136
62
23
244
21
108
46
40
142
91
62
55
134
98
35
19
38
124
241
228
243
46
202
189
245
109
200
248
201
100
92
84
178
208
140
231
70
237
199
82
203
117
3
175
225
242
71
114
103
143
20
14
49
204
137
198
77
19
179
23
29
36
12
244
220
121
32
155
13
240
140
197
56
166
190
91
111
135
255
220
122
211
108
33
251
0
127
170
183
112
34
177
79
162
30
251
51
80
157
54
165
233
219
245
86
174
73
61
115
171
130
128
228
215
7
27
235
161
8
158
250
47
55
111
178
64
149
65
19
74
213
91
184
41
12
51
130
3
63
104
53
116
186
190
252
42
44
92
118
120
178
223
41
24
23
156
250
233
117
38
117
158
197
157
241
35
202
154
244
163
8
193
130
106
90
110
253
192
148
108
52
16
24
248
54
136
167
13
126
106
217
11
168
20
219
242
172
37
18
73
114
44
137
88
109
37
48
236
220
47
76
91
96
48
169
37
255
84
152
167
78
194
91
47
233
158
164
190
222
249
241
125
212
188
92
144
56
115
40
73
217
207
44
0
35
3
137
124
238
147
30
161
94
15
150
12
221
26
19
216
27
9
8
85
1
7
60
188
240
244
80
132
199
130
106
10
123
254
226
145
51
136
197
22
113
14
161
157
52
153
240
236
63
228
105
95
232
210
74
67
8
95
195
100
169
172
105
122
136
156
106
98
58
213
146
57
52
37
209
16
88
86
68
255
88
204
202
28
52
157
96
206
240
150
20
135
91
207
87
80
136
61
0
60
119
147
45
97
187
7
138
112
19
46
85
134
2
207
27
10
172
251
185
184
186
156
25
98
170
169
123
58
132
113
0
132
213
22
97
104
78
83
101
121
31
60
192
232
206
189
165
78
58
237
93
98
172
124
171
218
18
84
27
175
58
238
199
155
122
13
195
181
128
182
75
161
124
110
35
99
104
139
199
123
82
17
99
48
242
100
153
23
102
22
183
211
233
242
83
69
134
50
253
87
52
225
187
239
85
229
207
39
127
199
93
130
222
209
10
212
35
85
154
180
11
251
92
30
188
132
62
22
61
68
19
230
26
160
186
190
225
74
117
11
169
13
136
57
105
156
161
244
160
42
48
111
226
211
220
125
185
83
110
171
21
55
157
45
123
117
181
196
177
191
44
31
96
243
222
220
118
32
55
66
244
77
49
209
207
183
205
144
22
222
151
158
242
210
89
186
212
123
233
61
107
51
79
87
192
116
145
191
166
225
79
154
120
107
66
213
175
128
225
42
81
190
187
44
154
123
97
195
228
60
78
9
21
59
26
51
105
30
229
248
233
21
97
89
120
120
201
61
249
195
1
245
251
90
184
188
32
16
34
112
198
114
38
5
245
61
176
66
40
181
76
244
16
246
255
113
243
204
219
134
248
199
193
27
159
62
27
144
153
208
84
147
234
168
248
114
212
54
191
181
98
188
132
199
64
194
163
132
161
185
49
164
6
27
221
198
170
182
225
169
197
73
222
26
35
214
95
197
98
105
26
242
244
36
101
82
202
252
209
45
219
88
130
177
100
42
187
139
10
143
42
197
14
8
10
149
160
38
225
62
37
250
118
98
207
7
49
210
142
29
121
73
214
84
58
57
52
153
135
107
243
246
71
142
142
102
118
16
118
73
38
189
119
210
71
50
181
54
236
170
73
29
238
40
242
206
90
153
38
155
220
102
213
163
84
45
111
9
254
58
87
115
58
214
208
40
209
216
199
243
179
254
165
19
215
82
113
228
79
95
199
219
246
255
210
90
138
194
33
252
219
43
61
123
155
242
92
248
203
229
158
59
83
211
152
21
190
207
251
206
243
102
93
77
38
39
62
252
221
53
131
233
180
57
134
190
131
60
191
79
18
54
141
132
179
106
75
252
224
224
127
120
57
3
157
176
58
41
182
51
220
61
100
22
245
30
92
60
173
47
86
8
193
131
189
89
219
255
108
42
213
3
136
168
107
165
89
123
207
239
194
97
12
185
127
202
228
146
24
250
68
46
15
108
235
213
19
24
85
55
217
73
223
204
89
34
228
77
231
65
100
129
228
124
180
119
74
131
199
71
118
84
47
114
67
151
57
3
106
215
61
87
42
211
114
59
163
231
165
21
74
154
103
40
136
118
40
29
75
202
158
75
244
113
192
111
9
184
139
194
237
85
38
141
144
179
63
152
184
190
101
231
52
130
6
121
10
191
115
223
7
26
95
68
92
37
122
163
59
115
136
179
207
149
178
2
13
90
223
196
210
29
99
208
24
149
85
168
96
242
221
158
175
181
221
178
92
36
128
131
165
225
95
254
127
189
101
107
74
161
50
197
227
249
2
227
95
173
106
199
82
238
55
211
208
27
168
231
67
159
134
122
131
187
86
118
105
50
115
241
118
44
142
128
145
166
219
238
42
248
253
60
141
253
69
54
179
184
151
91
112
191
18
39
67
241
245
31
166
76
157
101
195
176
124
57
48
44
9
51
196
17
156
34
18
193
212
149
252
11
80
56
230
208
210
94
154
132
232
59
108
40
255
6
210
217
118
158
80
230
2
105
157
25
112
102
194
87
123
134
143
68
80
93
6
59
150
100
88
53
163
13
132
243
169
231
27
124
155
235
248
6
41
228
195
84
111
49
152
34
155
165
60
130
238
153
11
197
81
77
84
81
26
204
139
223
132
192
227
166
111
56
12
88
188
93
113
112
71
46
170
96
130
54
248
245
208
68
190
167
43
254
72
235
230
75
246
111
142
70
100
151
80
95
237
83
173
12
166
21
252
122
209
142
138
108
61
232
92
71
178
170
3
145
89
162
211
250
155
217
113
221
11
240
242
56
252
100
73
197
249
114
160
120
174
222
37
94
231
59
4
49
22
25
77
240
83
99
232
219
124
226
132
66
3
195
182
184
35
124
218
96
189
14
104
1
35
169
96
114
28
58
50
142
206
137
70
13
98
60
40
88
201
111
208
38
106
28
103
139
150
113
243
19
97
144
230
165
118
254
156
137
255
121
0
36
177
172
7
68
36
15
192
147
72
211
79
69
84
82
47
123
177
73
60
211
67
255
35
205
93
86
7
102
205
116
207
55
167
56
6
88
251
27
37
215
200
186
59
58
75
144
206
123
196
118
91
214
40
114
8
196
62
218
139
110
83
187
22
127
158
30
74
142
232
157
196
228
76
2
218
95
16
58
140
232
88
139
134
252
3
84
186
142
243
234
38
210
38
158
173
103
101
44
228
201
229
217
21
180
189
50
240
125
119
128
49
252
104
152
62
57
26
92
32
92
121
125
41
224
164
190
44
149
71
161
122
4
122
180
196
30
174
123
245
139
82
3
123
197
189
217
125
61
167
76
20
227
210
82
206
206
84
72
158
246
125
153
136
254
245
126
58
20
23
127
223
31
147
153
106
244
178
105
220
232
25
178
58
71
233
95
34
53
124
207
77
9
161
211
104
171
183
29
200
222
39
190
122
248
104
108
8
175
73
235
205
139
79
143
82
208
235
188
171
119
150
233
197
233
109
204
213
97
230
36
195
59
228
21
150
60
119
146
114
76
115
150
149
163
242
126
140
34
20
76
115
7
211
133
71
245
89
222
151
98
191
140
195
45
143
68
229
92
222
247
186
42
59
100
53
124
149
82
242
206
132
30
121
218
233
144
117
20
148
13
182
224
134
136
12
171
123
98
230
94
164
84
192
226
244
158
84
254
84
141
240
50
113
206
141
223
114
92
2
114
115
118
21
184
44
246
102
102
135
118
105
64
224
74
220
228
121
108
78
147
19
137
149
136
60
73
89
51
204
108
50
243
100
220
43
182
165
117
110
93
220
211
163
121
36
67
162
161
174
247
205
66
4
130
190
139
117
33
202
76
173
4
110
66
70
217
114
252
93
72
82
1
177
122
52
54
15
204
29
152
241
210
129
245
190
122
69
138
102
91
215
152
212
91
83
61
143
61
31
210
186
238
225
73
113
44
139
174
162
118
32
48
253
243
101
212
48
112
107
80
98
25
157
21
122
66
124
83
131
154
239
212
168
24
136
52
62
130
96
38
166
205
174
203
204
70
161
160
72
110
109
63
234
147
122
124
193
247
59
124
140
220
205
26
200
61
140
118
176
54
108
204
10
88
225
190
93
10
203
72
71
102
76
33
54
132
140
62
135
205
140
84
185
38
242
231
162
14
241
218
97
207
211
158
2
33
251
253
171
7
2
43
95
78
88
190
166
172
9
227
95
100
29
87
117
44
213
133
242
203
72
173
57
68
85
7
76
19
118
78
17
202
95
28
63
246
215
249
2
217
110
33
35
119
214
215
108
189
207
243
27
136
148
25
182
2
157
19
130
235
39
88
224
44
189
61
41
10
192
237
156
128
86
220
22
221
239
163
209
38
76
77
211
106
111
220
87
165
196
20
204
87
93
192
207
89
82
22
239
139
212
250
110
31
13
197
11
149
150
97
64
85
102
130
235
131
68
158
162
181
62
0
27
150
159
35
227
89
41
251
235
17
255
97
225
181
29
219
28
70
36
155
46
96
19
217
168
120
219
15
177
212
7
149
86
230
39
125
103
31
107
137
229
247
82
79
198
38
171
158
63
118
245
38
17
154
248
115
177
142
244
36
31
16
175
95
250
254
216
150
107
152
238
152
115
137
124
41
22
123
46
112
23
202
2
228
116
209
247
182
123
247
30
52
155
254
159
233
1
141
205
137
51
226
43
1
193
167
125
12
188
55
200
165
38
231
195
255
63
233
242
228
119
10
155
128
22
72
74
107
177
162
219
49
224
38
79
253
32
221
232
119
1
194
86
19
181
200
161
234
54
18
123
24
62
214
195
212
89
59
146
15
178
240
92
133
207
235
204
70
161
76
75
54
55
207
63
2
67
43
175
205
69
79
217
160
4
216
136
72
243
153
60
116
77
187
172
237
250
21
66
8
178
110
242
73
212
132
126
51
32
87
200
212
237
220
178
106
64
