249
9
0
0
78
183
109
77
38
0
6
14
0
0
38
176
145
80
40
0
239
1
0
0
147
11
164
107
39
0
102
254
255
255
69
82
98
112
41
0
189
17
0
0
135
195
248
76
39
0
91
11
0
0
43
243
181
83
39
0
20
15
0
0
119
195
10
117
40
0
68
24
0
0
219
81
106
127
40
0
106
30
0
0
124
103
198
123
41
0
25
58
0
0
110
111
108
105
41
0
191
14
0
0
248
35
40
70
39
0
185
88
255
255
130
192
161
89
42
0
51
4
0
0
90
153
251
80
38
0
110
56
0
0
174
193
244
124
41
0
50
255
255
255
171
42
127
80
40
0
200
15
0
0
229
224
204
83
39
0
1
0
0
0
0
0
0
0
0
0
0
0
0
0
58
54
0
176
65
226
206
1
2
45
58
44
40
0
97
130
158
8
29
243
0
0
0
0
0
0
27
18
197
0
0
0
0
0
0
253
2
0
0
0
0
0
234
242
251
0
0
0
0
0
253
254
8
0
0
0
0
0
254
2
247
0
0
0
0
0
61
248
200
0
0
0
0
0
220
2
250
0
0
0
0
0
0
0
0
0
0
0
0
0
0
0
0
0
0
0
0
0
0
0
0
0
0
0
0
0
0
0
0
0
0
0
0
0
0
0
0
0
0
0
0
0
0
0
0
0
0
0
0
0
0
0
0
0
0
0
0
0
0
0
0
0
0
0
0
0
248
251
254
0
0
0
0
0
255
22
4
0
0
0
0
0
6
251
1
0
0
0
0
0
9
15
255
0
0
0
0
0
4
252
8
0
0
0
0
0
252
6
2
0
0
0
0
0
127
248
145
0
0
0
0
0
252
24
26
0
0
0
0
0
0
0
0
0
0
0
0
0
0
0
0
0
0
0
0
0
0
0
0
0
0
0
0
0
0
0
0
0
0
0
0
0
0
0
0
0
0
0
0
0
0
0
0
0
0
0
0
0
0
0
0
0
0
0
0
0
0
0
0
0
0
0
0
0
232
27
5
0
0
0
0
0
14
8
216
0
0
0
0
0
2
250
3
0
0
0
0
0
24
13
2
0
0
0
0
0
240
252
2
0
0
0
0
0
10
254
15
0
0
0
0
0
90
226
171
0
0
0
0
0
249
0
248
0
0
0
0
0
0
0
0
0
0
0
0
0
0
0
0
0
0
0
0
0
0
0
0
0
0
0
0
0
0
0
0
0
0
0
0
0
0
0
0
0
0
0
0
0
0
0
0
0
0
0
0
0
0
0
0
0
0
0
0
0
0
0
0
0
0
0
0
0
184
42
38
0
0
0
0
0
209
248
60
0
0
0
0
0
243
7
3
0
0
0
0
0
223
211
233
0
0
0
0
0
6
3
255
0
0
0
0
0
212
129
205
0
0
0
0
0
7
20
0
0
0
0
0
0
15
252
223
0
0
0
0
0
0
0
0
0
0
0
0
0
0
0
0
0
0
0
0
0
0
0
0
0
0
0
0
0
0
0
0
0
0
0
0
0
0
0
0
0
0
0
0
0
0
0
0
0
0
0
0
0
0
0
0
0
0
0
0
0
0
0
0
0
0
0
0
0
207
248
51
0
0
0
0
0
139
231
127
0
0
0
0
0
0
127
138
0
0
0
0
0
235
252
223
0
0
0
0
0
208
144
129
0
0
0
0
0
56
67
77
0
0
0
0
0
3
5
242
0
0
0
0
0
103
127
104
0
0
0
0
0
0
0
0
0
0
0
0
0
0
0
0
0
0
0
0
0
0
0
0
0
0
0
0
0
0
0
0
0
0
0
0
0
0
0
0
0
0
0
0
0
0
0
0
0
0
0
0
0
0
0
0
0
0
0
0
0
0
0
0
0
0
0
0
0
127
205
175
0
0
0
0
0
21
38
235
0
0
0
0
0
245
10
255
0
0
0
0
0
0
6
36
0
0
0
0
0
72
116
104
0
0
0
0
0
252
13
244
0
0
0
0
0
245
232
17
0
0
0
0
0
171
148
144
0
0
0
0
0
0
0
0
0
0
0
0
0
0
0
0
0
0
0
0
0
0
0
0
0
0
0
0
0
0
0
0
0
0
0
0
0
0
0
0
0
0
0
0
0
0
0
0
0
0
0
0
0
0
0
0
0
0
0
0
0
0
0
0
0
0
0
0
0
39
219
252
0
0
0
0
0
217
82
185
0
0
0
0
0
8
251
254
0
0
0
0
0
80
99
97
0
0
0
0
0
28
43
49
0
0
0
0
0
249
3
247
0
0
0
0
0
182
20
53
0
0
0
0
0
47
60
30
0
0
0
0
0
0
0
0
0
0
0
0
0
0
0
0
0
0
0
0
0
0
0
0
0
0
0
0
0
0
0
0
0
0
0
0
0
0
0
0
0
0
0
0
0
0
0
0
0
0
0
0
0
0
0
0
0
0
0
0
0
0
0
0
0
0
0
0
0
232
22
7
0
0
0
0
0
132
33
105
0
0
0
0
0
228
69
206
0
0
0
0
0
54
59
18
0
0
0
0
0
210
215
214
0
0
0
0
0
195
218
224
0
0
0
0
0
154
40
106
0
0
0
0
0
202
185
249
0
0
0
0
0
0
0
0
0
0
0
0
0
0
0
0
0
0
0
0
0
0
0
0
0
0
0
0
0
0
0
0
0
0
0
0
0
0
0
0
0
0
0
0
0
0
0
0
0
0
0
0
0
0
0
0
0
0
0
0
0
0
0
0
0
0
0
0
0
232
29
245
0
0
0
0
0
192
24
20
0
0
0
0
0
4
252
7
0
0
0
0
0
162
129
163
0
0
0
0
0
4
255
253
0
0
0
0
0
72
44
48
0
0
0
0
0
137
17
72
0
0
0
0
0
15
237
247
0
0
0
0
0
0
0
0
0
0
0
0
0
0
0
0
0
0
0
0
0
0
0
0
0
0
0
0
0
0
0
0
0
0
0
0
0
0
0
0
0
0
0
0
0
0
0
0
0
0
0
0
0
0
0
0
0
0
0
0
0
0
0
0
0
0
0
0
0
0
0
0
0
0
0
0
0
0
0
0
0
0
0
0
0
0
0
0
0
0
0
0
0
0
0
0
0
0
0
0
0
0
0
0
0
0
0
0
0
0
0
0
0
0
0
0
0
0
0
0
0
0
0
0
0
0
0
0
0
0
0
0
0
0
0
0
0
0
0
0
0
0
0
0
0
0
0
0
0
0
0
0
0
0
0
0
0
0
0
0
0
0
0
0
0
0
0
0
0
0
0
0
0
0
0
0
0
0
0
0
0
0
0
0
0
0
0
0
0
0
0
0
0
0
0
0
0
245
248
243
0
0
0
0
0
34
70
91
0
0
0
0
0
251
252
2
0
0
0
0
0
18
8
8
0
0
0
0
0
250
1
0
0
0
0
0
0
13
54
237
0
0
0
0
0
9
239
250
0
0
0
0
0
28
231
235
0
0
0
0
0
0
0
0
0
0
0
0
0
0
0
0
0
0
0
0
0
0
0
0
0
0
0
0
0
0
0
0
0
0
0
0
0
0
0
0
0
0
0
0
0
0
0
0
0
0
0
0
0
0
0
0
0
0
0
0
0
0
0
0
0
0
0
0
0
209
6
216
0
0
0
0
0
111
97
108
0
0
0
0
0
239
3
2
0
0
0
0
0
87
96
92
0
0
0
0
0
25
232
0
0
0
0
0
0
194
203
8
0
0
0
0
0
236
237
246
0
0
0
0
0
12
247
21
0
0
0
0
0
0
0
0
0
0
0
0
0
0
0
0
0
0
0
0
0
0
0
0
0
0
0
0
0
0
0
0
0
0
0
0
0
0
0
0
0
0
0
0
0
0
0
0
0
0
0
0
0
0
0
0
0
0
0
0
0
0
0
0
0
0
0
0
0
225
6
190
0
0
0
0
0
50
49
30
0
0
0
0
0
34
42
34
0
0
0
0
0
152
194
250
0
0
0
0
0
245
6
6
0
0
0
0
0
129
143
240
0
0
0
0
0
4
241
10
0
0
0
0
0
12
243
240
0
0
0
0
0
0
0
0
0
0
0
0
0
0
0
0
0
0
0
0
0
0
0
0
0
0
0
0
0
0
0
0
0
0
0
0
0
0
0
0
0
0
0
0
0
0
0
0
0
0
0
0
0
0
0
0
0
0
0
0
0
0
0
0
0
0
0
0
0
241
1
234
0
0
0
0
0
16
228
200
0
0
0
0
0
76
33
13
0
0
0
0
0
249
254
233
0
0
0
0
0
1
243
13
0
0
0
0
0
25
12
106
0
0
0
0
0
127
114
111
0
0
0
0
0
4
242
32
0
0
0
0
0
0
0
0
0
0
0
0
0
0
0
0
0
0
0
0
0
0
0
0
0
0
0
0
0
0
0
0
0
0
0
0
0
0
0
0
0
0
0
0
0
0
0
0
0
0
0
0
0
0
0
0
0
0
0
0
0
0
0
0
0
0
0
0
0
186
229
219
0
0
0
0
0
166
129
168
0
0
0
0
0
129
134
205
0
0
0
0
0
115
127
84
0
0
0
0
0
127
169
223
0
0
0
0
0
77
96
110
0
0
0
0
0
231
18
22
0
0
0
0
0
165
197
127
0
0
0
0
0
0
0
0
0
0
0
0
0
0
0
0
0
0
0
0
0
0
0
0
0
0
0
0
0
0
0
0
0
0
0
0
0
0
0
0
0
0
0
0
0
0
0
0
0
0
0
0
0
0
0
0
0
0
0
0
0
0
0
0
0
0
0
0
0
225
227
200
0
0
0
0
0
212
222
228
0
0
0
0
0
1
9
3
0
0
0
0
0
45
30
52
0
0
0
0
0
232
11
10
0
0
0
0
0
35
29
182
0
0
0
0
0
173
158
144
0
0
0
0
0
252
239
36
0
0
0
0
0
0
0
0
0
0
0
0
0
0
0
0
0
0
0
0
0
0
0
0
0
0
0
0
0
0
0
0
0
0
0
0
0
0
0
0
0
0
0
0
0
0
0
0
0
0
0
0
0
0
0
0
0
0
0
0
0
0
0
0
0
0
0
0
0
58
240
38
0
0
0
0
0
234
10
222
0
0
0
0
0
250
9
254
0
0
0
0
0
223
145
242
0
0
0
0
0
251
13
245
0
0
0
0
0
235
8
206
0
0
0
0
0
6
7
246
0
0
0
0
0
32
217
13
0
0
0
0
0
0
0
0
0
0
0
0
0
0
0
0
0
0
0
0
0
0
0
0
0
0
0
0
0
0
0
0
0
0
0
0
0
0
0
0
0
0
0
0
0
0
0
0
0
0
0
0
0
0
0
0
0
0
0
0
0
0
0
0
0
0
0
0
0
91
62
127
0
0
0
0
0
216
231
2
0
0
0
0
0
222
224
11
0
0
0
0
0
56
3
28
0
0
0
0
0
236
7
16
0
0
0
0
0
35
12
224
0
0
0
0
0
236
251
241
0
0
0
0
0
12
208
32
0
0
0
0
0
0
0
0
0
0
0
0
0
0
0
0
0
0
0
0
0
0
0
0
0
0
0
0
0
0
0
0
0
0
0
0
0
0
0
0
0
0
0
0
0
0
0
0
0
0
0
0
0
0
0
0
0
0
0
0
0
0
0
0
0
0
0
0
0
44
20
65
0
0
0
0
0
228
235
243
0
0
0
0
0
81
49
1
0
0
0
0
0
203
158
183
0
0
0
0
0
246
8
255
0
0
0
0
0
238
229
218
0
0
0
0
0
7
6
7
0
0
0
0
0
36
239
227
0
0
0
0
0
0
0
0
0
0
0
0
0
0
0
0
0
0
0
0
0
0
0
0
0
0
0
0
0
0
0
0
0
0
0
0
0
0
0
0
0
0
0
0
0
0
0
0
0
0
0
0
0
0
0
0
0
0
0
0
0
0
0
0
0
0
0
0
0
0
0
0
0
0
0
0
0
0
0
0
0
0
0
0
0
0
0
0
0
0
0
0
0
0
0
0
0
0
0
0
0
0
0
0
0
0
0
0
0
0
0
0
0
0
0
0
0
0
0
0
0
0
0
0
0
0
0
0
0
0
0
0
0
0
0
0
0
0
0
0
0
0
0
0
0
0
0
0
0
0
0
0
0
0
0
0
0
0
0
0
0
0
0
0
0
0
0
0
0
0
0
0
0
0
0
0
0
0
0
0
0
0
0
0
0
0
0
0
0
0
0
0
0
0
0
0
0
