94
198
93
86
21
243
232
189
41
110
131
222
238
142
213
140
46
63
34
201
165
200
228
205
54
11
221
168
124
103
238
230
2
221
190
57
76
253
250
129
53
192
134
152
244
4
249
188
187
211
36
34
70
133
108
115
107
91
93
112
72
83
63
131
197
206
147
187
79
202
118
7
6
97
224
204
105
77
238
194
50
131
211
41
138
163
210
231
131
74
41
124
11
221
39
4
222
112
164
193
14
140
160
23
57
16
63
32
12
63
107
131
155
193
240
99
51
60
73
125
237
199
193
79
223
91
64
49
245
140
48
218
87
209
75
27
46
94
169
20
249
215
55
87
136
199
254
228
139
188
212
35
22
191
118
30
89
194
169
243
248
15
146
167
105
89
3
89
186
238
27
134
176
189
213
5
144
118
89
106
68
55
65
194
119
79
98
16
83
58
95
76
129
50
116
143
25
46
109
174
175
41
237
92
215
113
175
48
46
94
25
248
8
249
242
104
74
140
200
62
198
6
198
235
134
13
187
66
238
235
4
101
12
177
99
148
66
110
22
41
216
198
59
173
91
61
18
38
28
174
123
158
193
24
75
132
102
190
155
95
70
229
124
10
254
254
148
197
56
51
132
2
209
158
100
236
192
107
105
9
118
213
43
55
9
29
164
247
27
99
118
171
22
125
37
52
5
47
18
21
74
167
49
125
221
19
168
39
229
103
163
116
161
231
139
231
68
61
4
185
20
214
200
240
140
115
151
9
166
73
39
224
22
172
128
196
217
139
216
255
214
140
164
107
182
125
97
224
171
190
114
170
116
119
232
174
234
172
104
48
44
78
110
100
230
49
206
19
126
31
107
62
226
122
160
138
207
130
174
237
242
68
201
206
186
136
158
110
147
66
58
222
11
172
140
44
225
47
167
15
236
60
148
196
44
245
186
182
190
128
45
24
173
201
25
117
83
169
172
57
154
233
216
78
167
248
181
133
22
228
43
99
77
8
135
214
106
154
199
107
42
115
135
36
16
70
195
27
35
43
118
157
103
135
221
181
246
183
100
42
253
134
240
89
120
35
107
119
13
241
104
22
90
15
11
89
21
90
164
142
194
196
183
227
115
192
161
7
196
45
175
121
119
171
126
245
166
161
151
104
93
113
229
150
128
142
113
3
88
44
32
50
23
176
178
101
178
176
115
86
192
16
30
124
69
138
123
28
249
95
219
2
35
229
192
196
170
97
100
38
104
12
83
145
6
218
79
39
59
160
177
207
242
70
12
114
43
56
116
184
250
70
235
190
244
17
182
75
35
79
147
120
40
115
96
54
96
174
118
198
151
177
180
24
28
5
134
157
101
126
182
217
21
92
85
44
200
206
219
124
74
107
56
164
47
150
21
177
251
13
171
255
201
90
92
112
139
101
111
218
171
153
93
94
105
179
252
135
73
145
132
72
18
232
113
219
196
130
181
211
159
66
13
56
243
38
195
251
118
7
175
212
147
96
25
155
246
151
70
153
149
183
178
254
112
145
69
205
193
169
210
206
7
32
83
47
234
79
42
179
117
247
158
64
71
220
206
249
75
85
69
80
246
102
204
51
255
235
253
65
162
10
23
220
238
240
152
30
37
124
249
204
136
200
101
158
103
128
124
240
16
138
188
74
118
214
177
149
79
197
85
204
249
127
9
232
43
130
153
86
139
7
147
88
251
147
104
217
141
136
75
131
27
179
97
72
234
213
39
95
11
169
54
184
183
228
86
124
240
234
30
156
200
4
33
168
242
142
80
112
58
186
200
120
110
58
65
36
206
176
73
16
52
107
122
109
39
112
49
216
252
56
135
156
123
223
61
3
51
77
36
152
23
68
17
39
123
133
139
205
182
226
43
193
109
115
53
48
80
243
179
156
170
144
51
249
92
28
18
16
10
50
211
207
205
187
153
32
112
148
151
147
64
130
51
161
114
117
244
86
97
71
84
241
252
53
230
212
82
100
92
0
34
90
243
77
193
114
216
52
254
108
162
162
116
24
158
244
238
137
86
222
73
33
224
196
193
98
187
250
198
59
135
78
213
173
166
202
250
255
21
243
185
34
65
207
156
241
52
71
66
75
84
181
29
148
217
215
127
224
184
35
136
244
66
131
238
166
16
175
48
231
212
217
235
2
123
38
224
164
148
217
119
209
184
250
30
44
246
61
94
59
64
42
97
72
10
105
87
81
120
139
25
98
49
19
195
86
210
9
211
10
167
167
100
51
111
37
26
246
227
218
74
228
198
199
255
77
74
150
24
158
83
89
187
183
40
162
141
54
10
142
206
172
168
41
152
236
58
199
132
9
70
201
248
155
250
79
185
119
223
106
132
247
87
179
221
158
255
208
27
217
104
84
93
33
196
188
149
109
207
207
135
54
194
189
112
87
47
91
34
52
59
250
183
157
28
25
100
221
95
196
145
128
151
208
94
0
205
87
221
184
226
97
96
163
64
227
131
164
11
211
104
87
217
209
40
212
232
46
246
228
217
138
14
29
8
105
183
115
7
124
100
43
67
196
12
69
33
137
116
12
124
123
195
233
101
101
79
252
11
163
82
206
136
104
55
18
155
156
214
179
175
128
171
120
95
114
169
156
211
111
71
189
189
76
162
180
207
70
113
26
173
73
162
184
38
17
186
85
226
107
56
215
180
196
244
180
121
168
126
61
166
121
23
255
189
182
124
246
84
251
154
113
11
3
212
249
88
41
176
229
247
79
31
50
160
41
142
242
223
251
199
246
195
25
115
40
133
4
247
202
27
68
27
206
187
209
5
1
110
254
83
108
93
247
91
209
66
15
122
101
240
148
20
117
159
204
20
26
98
167
163
228
166
89
90
206
209
9
180
16
58
135
76
123
25
238
171
169
190
131
248
67
185
192
98
180
132
104
116
21
122
188
244
147
21
17
119
73
177
37
58
149
94
131
80
156
151
63
179
249
78
52
114
182
199
52
135
144
81
204
112
199
186
249
26
158
113
88
124
107
98
253
216
10
40
57
58
18
246
3
247
156
15
189
186
118
97
77
181
216
29
12
41
89
86
134
233
214
88
250
45
244
41
41
136
32
176
121
254
178
69
233
37
250
220
159
246
0
223
74
219
214
129
98
138
190
173
188
191
142
10
121
146
185
59
70
57
106
138
220
39
223
26
144
68
170
82
173
53
194
56
54
145
244
91
144
42
141
28
1
72
62
165
130
150
110
46
18
67
25
197
187
84
175
44
179
188
63
163
77
145
132
106
191
179
111
62
233
8
180
118
38
109
88
52
90
149
75
116
100
228
88
193
106
111
227
143
172
54
35
174
107
27
182
217
106
56
163
59
213
151
208
131
39
8
172
239
146
195
198
195
249
21
2
167
189
43
143
5
140
255
177
255
62
92
122
217
231
54
83
188
147
226
30
109
113
100
75
234
255
57
22
184
18
35
220
226
145
96
77
161
119
188
8
121
167
169
83
154
156
119
162
184
197
218
71
223
91
239
165
18
104
64
132
65
114
79
106
40
129
103
98
253
122
86
85
250
116
216
191
190
224
169
180
179
126
192
34
156
64
170
181
209
114
0
110
145
34
190
67
48
142
247
244
207
9
69
128
35
175
3
233
165
27
23
95
38
46
51
149
88
40
90
37
216
238
50
81
37
79
229
203
218
102
45
49
32
146
121
100
210
144
142
157
40
102
63
19
210
213
181
162
161
110
200
63
118
36
66
45
249
245
166
83
147
162
237
42
199
44
77
46
135
70
235
39
84
241
147
90
237
33
248
145
140
230
217
239
211
31
38
227
228
220
22
171
4
49
255
92
50
194
207
219
200
255
4
232
39
24
228
27
250
106
34
194
169
198
77
222
200
129
56
169
57
168
149
97
117
171
86
49
61
175
121
229
37
127
247
229
218
115
65
67
48
147
3
173
46
47
160
195
152
175
244
186
22
128
21
71
109
183
169
16
91
235
197
7
80
43
107
220
180
244
118
162
89
51
37
216
40
181
54
105
4
249
187
130
35
58
170
80
15
233
34
117
18
130
222
202
98
169
139
240
110
129
183
102
138
219
240
234
171
85
244
176
52
231
194
103
224
9
152
89
179
253
246
249
158
71
110
100
106
245
171
72
38
235
71
209
150
240
152
128
116
77
241
198
101
62
184
238
74
36
116
112
156
34
177
128
136
194
121
200
252
197
33
136
42
173
166
248
129
159
47
99
122
184
17
82
203
66
60
131
14
239
108
224
54
230
224
7
175
149
153
138
247
104
108
189
7
113
26
215
244
88
238
64
143
8
23
48
213
251
55
29
115
135
89
131
0
151
247
51
67
72
122
103
216
181
108
202
37
189
185
177
55
113
249
246
93
182
58
121
184
193
134
203
199
230
23
126
185
61
47
101
152
86
116
119
201
214
222
179
119
54
116
109
113
53
24
178
80
71
103
202
12
223
149
73
31
225
173
0
73
113
220
3
82
165
124
231
150
13
43
97
231
168
74
190
244
202
17
22
37
78
29
243
201
72
217
126
241
80
95
87
211
101
95
90
232
183
43
15
23
71
61
167
169
154
25
9
209
236
242
56
100
73
235
142
61
200
69
217
108
47
60
150
141
69
188
246
140
140
233
176
255
244
60
29
226
121
173
115
166
9
155
58
196
145
134
133
247
151
212
70
25
22
11
49
36
214
111
131
150
108
54
8
10
53
150
170
106
184
209
87
82
199
27
43
12
217
65
184
103
230
63
119
238
248
117
193
31
2
252
38
135
79
39
109
108
38
0
6
140
159
234
248
195
104
165
118
127
141
49
168
75
187
91
23
115
128
71
35
241
83
66
197
118
191
111
92
242
92
244
249
115
144
123
125
52
95
157
9
46
24
135
166
159
192
3
75
238
62
145
248
59
122
178
116
180
79
145
82
143
34
93
75
213
1
61
103
171
57
88
157
60
166
181
113
100
108
197
74
37
7
234
129
254
103
64
236
120
158
34
2
41
37
137
239
54
182
70
80
203
126
107
163
203
53
207
59
132
17
138
154
234
40
65
223
2
118
231
196
148
106
69
73
223
132
43
26
251
206
210
42
173
131
113
53
225
186
228
17
211
222
180
191
185
92
230
68
102
170
171
26
135
184
138
227
88
0
195
82
182
141
241
52
40
235
161
221
187
243
249
45
167
220
32
184
124
144
210
233
25
227
252
116
217
102
111
2
160
109
89
36
108
117
51
146
12
151
151
84
139
39
86
91
232
96
82
100
114
73
87
189
153
162
141
235
36
220
132
220
146
58
171
118
200
8
237
69
215
212
36
170
114
206
81
196
181
42
84
230
244
49
35
202
128
55
71
196
147
28
73
164
199
125
162
218
211
57
36
236
160
155
45
2
167
92
230
34
205
99
158
91
57
212
131
111
218
233
249
180
93
126
142
27
204
28
235
99
106
143
74
141
152
138
165
14
112
139
23
64
132
126
206
215
228
228
166
44
147
239
239
186
106
15
210
222
195
208
151
169
64
108
131
95
34
92
168
44
112
206
52
5
169
239
119
7
231
61
0
54
251
61
21
3
130
8
228
171
30
45
122
58
60
93
44
182
106
236
58
86
157
209
55
150
229
121
238
47
42
115
251
211
8
230
143
128
241
200
129
41
103
81
101
190
178
72
114
130
110
96
121
56
43
69
23
236
193
232
113
245
10
143
56
2
157
93
167
226
178
135
47
186
83
32
167
255
94
77
168
195
201
78
32
78
209
177
121
223
222
181
181
2
75
83
153
80
82
119
232
33
207
122
156
45
93
89
190
128
253
14
137
8
49
145
181
200
101
141
209
209
230
238
242
207
235
8
153
31
134
139
39
149
213
182
107
46
192
67
65
170
122
219
15
89
157
99
158
250
67
143
71
151
96
182
241
0
39
186
155
58
165
36
16
36
124
207
199
79
252
14
138
251
51
62
225
107
19
64
88
187
142
248
72
205
10
54
208
128
30
45
50
229
134
197
18
79
136
214
79
230
239
128
64
82
120
121
180
1
23
247
147
207
91
53
117
128
145
123
108
109
184
51
57
65
87
15
25
173
17
50
158
60
78
230
33
144
171
253
143
221
58
3
140
36
44
153
61
184
184
31
55
138
114
102
163
91
183
112
177
97
111
5
34
102
144
249
98
155
16
108
121
228
214
126
77
58
185
79
234
74
45
139
58
10
75
135
7
60
38
242
229
216
137
120
44
186
58
178
47
144
87
131
100
49
223
214
113
24
73
78
167
113
33
146
113
155
239
102
65
116
80
110
132
102
142
132
166
117
28
48
202
9
75
180
57
147
96
198
45
205
63
84
202
187
28
254
9
205
144
19
149
117
12
94
229
121
160
57
93
249
92
105
145
63
12
146
33
99
84
249
210
175
171
21
67
61
199
165
7
89
135
138
9
172
192
18
224
201
136
204
5
1
150
225
63
9
117
126
227
162
16
99
134
28
225
200
123
209
141
165
32
14
11
71
11
39
212
214
238
43
153
254
86
111
91
173
60
17
170
204
128
240
63
142
122
71
145
167
36
68
137
82
52
225
58
186
131
156
218
107
121
168
94
22
5
167
234
15
159
137
7
212
125
105
18
5
104
113
64
110
60
32
57
247
179
207
195
219
186
200
156
23
65
188
133
69
226
102
229
166
156
10
204
86
222
216
248
91
81
113
63
182
183
249
52
35
255
202
201
153
183
75
20
223
185
53
1
252
52
71
141
102
200
123
81
186
182
78
174
4
24
133
134
145
12
107
92
254
44
228
210
81
84
110
18
237
167
14
52
112
244
130
121
103
58
45
164
119
8
43
160
217
234
8
35
136
244
139
247
165
219
172
151
164
69
88
70
26
123
207
71
29
179
211
144
165
82
174
223
3
8
185
211
233
163
199
111
67
204
209
115
117
211
131
220
234
6
226
193
36
116
56
71
121
14
107
241
206
34
16
178
192
33
116
0
7
