93
142
85
163
86
52
176
237
90
201
90
89
204
3
149
174
17
60
12
216
150
114
25
68
67
97
32
210
243
48
136
250
114
36
16
193
193
132
168
22
3
109
185
114
16
24
18
60
97
76
56
136
164
28
205
179
95
4
53
82
52
141
196
197
52
28
34
7
65
124
115
217
37
112
101
145
185
121
115
87
142
151
167
78
35
230
236
115
101
241
188
52
3
202
80
43
153
166
127
239
88
199
88
218
235
171
188
70
32
175
14
59
56
202
210
118
77
244
163
225
195
253
247
147
77
253
247
130
227
66
233
57
96
70
148
255
163
175
111
217
46
9
6
254
197
28
178
166
39
235
189
32
114
158
28
137
37
7
100
108
16
246
195
153
22
216
49
36
132
195
42
34
197
33
199
175
233
81
226
64
95
13
14
60
171
242
97
71
40
98
97
248
149
47
106
183
176
26
186
200
46
103
229
238
10
47
104
106
123
151
137
175
31
255
193
57
28
83
141
141
204
146
23
71
137
134
3
217
254
155
0
187
168
235
228
184
2
126
143
41
64
9
151
195
203
175
113
170
199
13
77
243
167
47
233
6
145
235
78
230
43
45
48
186
205
134
20
49
227
114
122
220
27
215
156
60
141
79
243
85
23
27
111
62
191
147
154
155
24
115
111
99
181
148
107
136
80
75
194
155
165
249
68
188
196
192
152
119
147
69
107
231
19
168
187
121
114
147
244
59
255
118
208
34
19
46
93
73
191
249
155
3
129
170
117
253
40
193
147
180
236
23
38
184
159
182
65
71
14
9
115
253
89
135
150
192
12
14
140
146
35
220
87
195
215
104
230
198
83
62
234
142
185
88
72
145
105
102
104
215
15
72
23
242
168
247
159
204
189
255
254
136
206
67
15
67
251
82
48
49
147
76
23
18
244
159
21
10
73
53
142
241
158
231
34
22
233
116
19
191
4
133
40
102
63
250
117
92
27
173
161
110
138
25
200
117
45
170
245
20
60
175
156
113
234
127
56
220
253
254
16
232
172
0
63
233
38
52
64
172
69
45
165
116
85
51
21
92
97
163
18
122
75
87
217
186
188
4
245
160
190
45
98
252
168
112
182
12
3
13
181
131
20
232
141
186
247
226
208
226
29
191
100
55
17
238
38
109
66
22
139
124
104
6
166
132
10
112
96
192
67
130
106
20
253
178
68
121
205
234
96
202
117
21
254
8
145
159
97
77
29
119
84
85
217
200
226
82
164
216
195
238
235
189
211
24
68
20
68
112
141
210
111
251
6
108
227
107
255
97
238
26
56
249
165
85
45
255
157
161
14
52
173
147
72
69
83
170
10
165
26
100
219
233
96
65
198
38
81
12
104
10
114
60
199
219
7
18
151
154
10
246
192
44
40
224
223
43
253
70
247
58
88
22
20
60
184
88
176
179
15
237
168
227
142
13
39
89
133
180
208
212
38
223
36
211
214
66
11
238
220
23
139
200
59
57
223
185
243
214
180
26
59
144
33
135
227
10
231
243
249
238
179
33
148
156
214
78
112
78
213
184
78
26
55
72
85
35
172
183
98
155
245
211
221
53
83
194
193
74
59
80
14
224
46
6
162
185
87
95
58
228
43
66
140
236
152
37
240
211
31
196
62
232
24
251
156
212
34
67
73
22
141
139
5
64
13
181
173
95
169
57
72
163
202
255
60
68
253
13
122
255
179
13
75
49
92
157
42
3
171
133
197
37
238
62
8
30
0
40
82
173
64
161
227
117
131
3
145
168
156
179
47
216
213
159
147
137
250
151
165
250
44
191
41
126
175
59
116
136
254
58
162
0
252
103
245
68
100
28
252
139
71
205
22
85
237
34
79
131
235
48
127
8
221
214
248
15
174
177
216
78
21
200
0
17
131
149
184
105
229
216
218
89
246
100
208
95
237
87
9
229
178
103
143
187
148
140
84
65
76
183
247
79
233
127
174
245
114
185
241
19
162
236
159
214
102
242
197
204
153
245
24
34
61
209
144
91
58
209
83
50
54
103
239
131
126
249
125
40
143
92
86
89
4
205
28
131
43
221
58
240
228
221
10
194
178
16
188
80
44
22
157
210
96
249
159
63
203
179
36
100
163
96
48
201
55
102
233
30
153
115
220
245
118
123
102
3
213
180
206
10
221
200
0
215
65
210
250
91
139
81
29
100
38
92
71
4
143
152
112
13
20
64
161
163
0
239
247
88
129
141
86
208
222
61
173
195
22
253
102
10
42
61
207
68
39
83
90
200
196
55
177
83
12
129
9
32
197
7
224
237
219
179
24
42
171
30
198
140
41
219
164
113
24
109
96
149
77
159
78
135
221
36
58
72
219
71
43
169
252
157
1
243
241
246
105
94
148
63
187
230
176
37
250
71
195
176
53
23
196
170
201
212
34
146
34
203
67
81
159
95
223
219
67
184
133
127
55
84
118
43
231
104
18
63
230
29
121
105
221
168
1
3
169
147
78
21
239
250
28
103
76
100
232
23
134
207
37
65
2
49
140
81
206
157
39
55
206
218
209
88
65
122
143
127
254
90
157
135
52
50
109
26
147
38
132
27
186
44
140
123
86
19
220
8
174
78
99
32
46
21
75
77
174
127
243
194
48
186
230
10
111
241
140
200
9
101
177
103
217
75
225
253
91
172
82
7
153
80
166
77
13
4
191
80
75
10
143
59
225
176
49
95
173
242
150
28
116
207
108
97
217
206
90
99
172
141
188
185
144
5
158
31
103
98
102
159
125
105
18
236
210
154
87
168
166
242
216
73
210
84
36
227
109
156
182
35
94
13
148
156
97
114
146
222
173
18
22
152
57
248
56
19
38
163
107
81
225
151
213
86
128
31
220
211
236
99
108
125
232
75
83
161
168
30
220
208
126
174
241
238
75
64
60
100
109
101
127
174
93
91
220
106
161
100
139
172
56
47
113
200
119
207
141
230
161
73
80
109
31
134
119
130
31
137
155
237
211
66
114
136
235
31
161
157
80
223
7
34
1
205
59
82
194
77
201
190
81
43
49
39
178
247
219
179
226
41
254
1
221
254
225
131
48
84
169
204
166
243
117
207
81
235
178
5
157
234
155
131
96
123
118
181
30
201
35
74
73
242
114
138
171
106
90
103
151
189
3
245
236
35
205
115
78
203
11
200
244
155
128
246
245
9
57
241
207
240
87
141
104
195
72
123
0
37
141
6
162
230
193
106
213
35
92
106
114
173
48
224
189
241
46
213
168
61
166
58
184
197
99
110
66
156
40
203
18
50
161
231
135
39
73
178
109
6
52
201
86
63
168
232
194
235
6
231
82
146
204
238
46
225
108
68
50
164
183
140
124
212
144
31
219
80
157
228
249
70
115
20
59
59
47
217
157
251
0
67
225
243
109
201
43
126
172
14
13
88
221
125
112
74
164
234
60
119
61
170
154
152
224
234
3
87
252
203
106
154
182
237
19
220
167
144
198
176
234
205
159
35
28
61
215
238
130
59
170
93
97
22
50
39
4
229
36
203
118
66
4
29
218
16
162
63
252
70
244
129
22
146
21
143
9
220
10
225
246
90
244
190
12
198
229
228
98
90
155
102
191
207
11
103
220
137
75
206
24
112
110
41
235
77
198
88
26
240
212
148
240
230
243
122
247
46
65
29
187
11
97
100
201
36
27
241
152
96
39
147
70
95
248
68
82
88
198
252
84
178
60
192
250
60
135
149
227
233
233
149
1
235
96
240
127
74
155
73
235
121
113
208
36
191
107
42
153
163
243
148
40
208
141
210
138
189
134
210
45
172
36
174
177
182
131
104
250
112
148
25
164
180
147
46
119
102
55
143
110
117
106
37
59
208
93
81
156
36
217
58
85
189
18
245
26
56
161
249
48
211
118
163
237
182
219
158
229
56
218
34
244
213
51
141
44
117
89
124
111
101
242
31
77
212
101
153
221
121
164
153
48
251
117
128
137
127
236
68
176
71
108
250
174
203
109
158
220
161
50
30
37
138
78
116
73
7
77
73
188
128
164
12
23
244
202
248
141
190
1
13
183
17
240
110
21
216
225
144
162
107
46
222
117
207
54
115
28
95
172
94
74
146
35
18
224
215
137
15
61
202
123
48
15
21
13
92
249
199
192
150
83
62
100
96
127
185
58
15
0
32
230
92
12
67
50
246
183
226
88
92
56
179
65
91
154
60
247
77
255
147
107
210
221
58
57
25
171
27
124
118
247
39
219
79
70
157
155
250
201
209
77
190
5
224
96
176
110
91
43
215
13
233
215
245
204
221
242
85
40
229
234
80
194
80
221
68
15
117
94
245
95
19
230
181
207
252
66
205
23
92
230
109
216
210
66
72
79
153
124
204
40
57
240
132
144
112
105
250
115
102
87
149
104
162
150
227
122
152
46
101
163
254
145
83
63
212
202
137
160
7
31
36
14
158
0
93
53
222
111
92
241
36
10
31
232
191
57
123
109
186
174
42
28
173
217
129
51
206
213
100
21
213
14
100
79
29
116
243
245
0
123
28
229
172
212
218
112
32
26
63
6
187
122
27
125
181
64
62
135
76
84
47
147
212
77
112
157
59
182
199
10
15
197
173
47
89
221
132
66
12
76
109
210
165
184
88
11
5
222
93
249
131
104
8
109
58
209
38
30
240
234
238
63
100
225
53
98
204
44
115
52
28
77
10
47
104
128
6
26
39
254
242
179
10
154
44
79
124
50
220
163
241
103
219
152
146
161
232
140
240
111
97
209
13
196
2
38
78
136
79
103
10
201
209
111
22
158
120
31
235
215
182
64
212
116
180
169
202
143
215
238
196
192
116
218
227
149
92
30
192
208
63
42
139
206
186
128
56
204
96
134
162
229
77
5
24
87
109
49
61
219
200
6
190
144
225
53
225
176
213
192
185
112
243
89
126
212
72
167
183
201
182
122
228
156
82
231
45
76
122
133
72
172
92
149
100
78
200
38
146
116
64
34
21
159
151
173
126
65
129
39
222
194
163
73
233
151
178
113
63
35
77
157
51
81
37
99
2
157
153
245
76
11
63
142
167
60
227
172
44
205
0
144
12
205
43
42
233
56
91
127
126
110
134
141
10
213
24
103
53
74
17
70
121
14
112
201
250
140
7
166
39
200
232
58
161
192
218
197
130
184
125
107
171
239
55
92
63
153
159
130
8
68
160
131
126
145
82
223
207
150
215
104
20
165
98
240
41
101
26
185
84
45
255
0
132
175
212
3
47
94
206
35
240
213
83
165
244
51
144
104
240
168
27
175
131
191
67
161
171
113
104
120
74
255
99
78
5
121
220
187
241
29
91
226
119
201
56
250
73
245
162
98
247
40
104
200
143
138
91
228
128
71
158
99
166
189
191
28
112
149
135
230
157
176
25
59
137
250
242
90
71
225
133
227
85
61
11
234
148
241
249
27
202
162
250
80
111
24
137
100
32
156
182
137
31
99
234
246
72
142
44
92
152
151
47
66
77
206
69
82
96
218
74
197
163
120
239
102
28
68
20
2
170
235
30
91
178
162
200
166
150
206
131
218
26
112
210
31
218
214
2
119
153
235
165
234
51
202
21
99
65
122
33
217
14
56
147
221
113
243
57
244
78
185
211
65
233
161
36
127
155
31
77
74
191
41
63
235
75
10
15
95
149
93
6
120
232
62
249
158
173
17
138
182
221
99
32
79
157
155
124
137
1
27
109
145
4
164
70
219
206
160
237
151
132
66
197
109
63
124
254
176
66
145
172
19
28
143
206
230
87
118
159
91
112
167
27
182
135
70
141
80
42
58
157
144
53
65
104
182
193
206
184
140
187
206
14
20
72
234
194
10
27
53
167
149
48
78
95
71
59
215
35
134
111
249
65
183
26
113
243
85
100
120
167
144
124
138
41
181
54
47
246
0
174
213
148
190
234
120
180
36
184
107
113
32
64
24
76
183
205
101
229
136
34
48
1
92
112
101
197
49
222
63
22
27
21
75
19
30
207
80
248
23
66
106
227
228
78
17
231
155
137
157
89
113
238
0
125
89
114
55
254
82
160
176
72
171
38
146
243
154
138
99
246
64
145
200
136
240
218
104
132
199
60
4
170
191
121
240
53
133
250
180
39
183
196
167
103
198
133
34
27
250
4
0
227
172
101
42
237
70
237
108
185
128
61
138
33
64
125
213
161
223
223
55
245
235
162
41
207
177
143
14
247
122
79
18
125
212
220
114
122
122
176
33
55
24
197
209
22
168
140
224
38
211
42
133
231
180
167
126
168
14
166
242
45
107
216
61
95
182
121
222
253
79
218
46
143
171
104
188
188
125
15
12
158
223
54
254
71
137
148
82
28
224
214
21
83
105
97
108
190
204
149
227
28
84
145
67
129
251
120
33
254
80
231
65
127
142
255
39
116
61
61
91
30
251
190
33
18
74
15
131
110
118
80
185
87
26
80
36
13
52
180
221
174
60
184
49
157
252
185
21
100
162
6
193
186
9
55
95
56
228
130
27
17
83
239
156
191
106
86
19
177
4
173
55
1
144
114
161
32
163
163
158
1
34
109
50
79
247
140
230
208
5
64
151
205
243
67
214
117
100
102
85
152
7
37
58
155
161
105
84
19
141
94
140
158
12
106
17
196
176
250
147
35
183
58
250
14
86
8
201
57
130
75
174
49
144
255
223
57
169
170
141
231
146
63
102
225
17
196
204
148
246
10
177
131
41
213
185
169
1
226
236
73
204
110
167
35
242
171
41
180
5
255
237
40
60
147
7
104
5
19
145
192
134
207
64
153
53
144
241
197
112
112
59
184
45
219
55
158
40
100
1
56
51
147
231
28
236
174
30
170
249
85
255
116
200
57
198
90
205
11
170
3
68
80
140
42
203
154
222
63
26
66
126
23
35
121
100
226
121
212
132
93
254
44
249
111
240
139
46
253
100
208
47
116
12
63
46
9
