127
-127
123
-123
123
-123
123
-123
124
-124
124
-124
121
-121
124
-124
126
-126
126
-126
124
-124
127
-127
122
-122
111
-111
91
-91
108
-108
98
-98
112
-112
105
-105
100
-100
114
-114
114
-114
116
-115
126
-126
122
-122
117
-117
119
-119
101
-101
109
-109
112
-112
107
-107
107
-107
106
-106
103
-103
111
-111
124
-124
122
-122
112
-112
119
-119
113
-113
102
-102
74
-74
107
-107
111
-111
117
-117
101
-101
113
-113
123
-123
124
-124
99
-99
109
-109
114
-114
94
-94
98
-98
96
-96
122
-122
114
-114
106
-106
102
-102
126
-126
122
-122
95
-95
108
-108
114
-114
110
-110
111
-111
114
-114
96
-96
116
-116
110
-110
106
-106
122
-122
127
-127
100
-100
97
-97
110
-110
94
-94
104
-104
114
-114
98
-98
102
-102
118
-118
112
-112
126
-126
122
-122
112
-112
103
-103
115
-115
113
-113
103
-103
105
-105
92
-92
101
-101
111
-111
107
-107
119
-119
125
-125
112
-112
116
-116
116
-115
118
-118
105
-105
109
-109
115
-115
114
-114
111
-111
120
-120
123
-123
123
-123
101
-101
104
-104
117
-117
99
-99
99
-99
85
-85
113
-113
109
-109
103
-103
117
-117
124
-124
125
-125
118
-118
111
-111
100
-100
96
-96
108
-108
116
-115
114
-114
114
-114
96
-96
83
-83
126
-126
122
-122
124
-124
124
-124
125
-125
122
-122
123
-123
120
-120
125
-125
120
-120
124
-124
120
-120
127
-127
