84
57
229
122
192
33
115
94
62
53
13
98
165
86
13
95
34
113
118
200
127
190
116
214
253
184
42
33
22
20
254
85
94
156
79
93
85
197
219
251
225
141
20
207
10
236
4
225
207
59
61
96
160
183
216
102
8
216
203
97
102
97
52
243
203
42
0
168
112
171
129
104
126
61
253
41
85
78
5
214
247
215
132
137
230
145
210
38
107
191
201
142
251
254
114
238
156
149
92
65
170
214
176
168
225
4
26
177
159
34
220
216
193
120
180
138
208
91
197
162
238
226
218
21
80
166
225
246
95
50
119
166
135
124
2
68
35
222
44
93
20
185
204
225
204
237
87
95
20
180
109
93
224
182
194
235
62
84
241
69
81
189
26
0
68
124
16
224
82
26
34
227
90
247
128
145
164
4
38
164
181
248
48
199
253
18
36
91
19
97
84
168
169
53
25
65
153
29
112
124
76
230
77
2
22
113
121
112
249
34
34
133
77
205
68
147
50
137
117
143
247
192
214
106
202
117
39
79
174
130
238
80
103
53
26
120
203
61
191
34
70
210
179
42
18
21
51
172
153
104
14
136
95
224
162
251
157
213
49
118
173
196
7
156
200
164
99
116
236
69
26
154
228
125
93
12
112
175
59
201
212
87
237
0
98
21
133
228
94
45
115
37
21
116
97
96
47
199
170
244
172
9
110
212
193
202
12
92
25
77
220
133
110
12
125
199
103
239
31
196
138
162
192
212
62
88
166
238
212
56
164
25
175
148
154
47
40
125
186
120
193
38
239
72
67
51
111
88
216
154
77
190
142
170
43
226
151
166
206
174
244
96
33
207
248
107
235
238
219
176
185
178
208
158
184
226
101
25
28
216
19
30
83
8
162
27
6
18
164
161
79
196
124
165
242
47
124
46
111
124
84
195
232
79
192
63
18
173
79
109
217
175
49
22
155
87
153
161
39
242
7
19
144
5
65
231
247
28
72
137
208
111
229
19
73
131
117
141
63
78
255
197
17
244
250
70
68
61
51
157
18
162
221
20
224
5
161
101
92
125
144
8
206
85
107
224
217
66
244
15
67
111
231
148
23
114
207
142
73
152
216
138
157
249
166
140
236
146
76
80
141
202
96
49
211
5
159
116
166
110
104
168
254
14
18
214
20
29
213
132
159
100
12
29
152
77
18
127
214
195
84
207
75
175
120
202
151
210
234
174
119
138
16
234
49
165
49
118
241
50
13
17
241
108
117
87
108
182
43
18
8
9
45
123
73
224
41
237
82
127
117
68
88
227
31
87
246
246
12
157
214
65
89
241
69
253
78
145
215
231
184
115
153
161
101
89
216
233
36
116
6
43
131
222
244
161
21
243
137
56
186
101
166
224
27
132
165
35
6
239
67
228
226
175
234
170
145
29
9
83
37
227
119
242
149
5
48
30
109
18
89
4
6
129
85
195
0
136
110
28
95
130
230
185
194
2
0
98
49
56
83
150
14
167
68
151
180
5
43
139
176
153
8
140
28
22
164
135
150
82
167
241
239
180
66
225
202
130
167
113
176
185
244
25
168
214
159
55
200
26
122
32
167
219
219
179
188
189
0
132
51
113
173
147
26
234
102
230
223
171
205
199
0
210
4
12
115
14
156
212
249
119
209
83
135
133
216
247
201
187
84
128
209
208
97
20
92
182
89
77
198
43
15
34
161
139
246
28
76
96
68
162
51
128
223
62
70
114
214
187
47
167
36
219
103
127
145
119
52
126
204
66
157
222
230
62
61
153
165
111
238
95
168
67
58
39
31
43
202
212
247
195
173
64
12
221
139
148
152
219
73
205
78
103
179
140
67
230
209
225
9
82
173
91
239
243
191
37
89
146
248
131
74
137
117
106
203
31
147
194
94
93
210
170
94
59
41
247
38
197
135
86
82
22
79
246
35
41
74
147
167
80
196
240
232
202
150
50
81
96
205
32
16
238
230
55
198
87
40
223
178
49
37
109
172
194
81
88
29
168
201
56
202
154
56
1
217
56
210
205
184
248
6
97
219
64
142
247
210
42
233
187
109
46
177
10
16
186
99
182
135
76
140
221
198
81
202
242
168
206
115
30
8
19
66
50
206
247
191
217
114
88
138
90
45
25
79
71
236
39
211
202
227
62
56
104
23
242
142
18
86
101
83
222
41
186
71
229
84
102
139
237
82
31
73
110
3
101
254
167
130
195
31
143
70
202
54
68
191
224
156
242
179
223
141
63
242
247
60
18
71
50
56
118
77
36
19
214
227
179
37
73
150
83
171
127
57
237
14
248
84
65
184
48
74
89
243
200
61
2
209
239
77
135
124
135
51
160
43
1
101
22
80
77
236
7
241
49
1
26
117
132
114
170
254
174
215
145
45
237
238
15
144
101
121
198
41
182
120
120
120
182
200
92
52
221
0
213
141
213
208
144
2
215
88
105
96
29
222
129
114
104
144
81
43
180
28
25
135
42
164
135
70
212
173
0
20
163
34
72
1
20
229
178
247
252
144
23
70
247
166
212
44
173
208
178
127
11
239
239
144
159
142
172
181
247
231
66
123
184
171
233
162
112
132
216
6
243
81
197
211
86
152
116
192
220
46
233
121
121
176
40
40
97
215
174
14
171
135
166
99
145
233
24
152
246
100
191
238
13
203
63
75
234
168
58
251
62
153
2
52
39
120
248
0
211
208
22
104
238
99
74
3
10
38
222
247
125
172
58
103
219
179
168
29
82
120
226
120
62
229
153
198
39
176
186
92
153
223
61
188
215
3
51
114
60
91
40
14
110
30
237
197
25
134
74
75
49
8
175
10
203
137
222
181
2
194
55
242
132
251
78
143
245
241
157
59
33
188
86
150
31
182
211
102
14
22
76
231
111
245
161
189
7
85
65
121
117
142
129
7
154
122
1
68
191
92
55
167
131
109
55
208
156
147
1
175
59
213
76
74
125
120
5
207
87
237
199
243
201
92
79
70
249
69
84
18
184
138
228
47
175
210
142
85
242
132
209
255
210
30
175
152
58
81
223
125
229
119
237
76
139
128
12
216
120
16
187
249
9
217
37
4
229
162
214
224
78
244
195
58
5
115
149
165
229
183
208
179
25
94
232
76
107
224
120
45
37
11
98
53
164
179
163
139
130
233
23
11
223
134
90
161
95
173
21
100
250
63
154
101
62
57
134
172
126
164
235
191
105
183
25
0
246
147
156
149
128
156
70
11
74
153
0
195
108
47
14
72
144
64
251
236
15
108
253
121
147
85
56
3
155
44
23
159
180
196
99
9
251
13
188
111
60
93
128
240
118
214
160
103
202
44
246
120
250
172
91
6
140
240
213
197
245
28
187
4
228
106
155
154
249
58
214
235
28
91
100
218
34
91
12
214
193
4
65
18
236
242
247
174
156
234
11
124
19
3
36
114
38
146
82
148
228
46
154
34
154
75
218
245
84
189
56
250
35
24
170
113
103
117
71
26
82
211
188
246
207
148
160
245
226
250
110
23
62
1
246
50
84
69
204
232
119
30
62
10
212
121
152
101
221
13
165
43
244
218
225
148
53
81
137
52
53
182
6
143
180
111
154
194
181
62
168
105
19
30
249
61
197
29
40
18
56
155
212
2
117
103
2
145
168
107
5
116
89
199
26
85
25
242
98
220
253
230
207
122
148
89
252
241
135
221
196
165
143
17
188
136
160
36
164
149
64
196
77
224
42
235
121
80
145
64
44
122
90
175
244
81
70
126
48
212
80
87
162
55
109
228
116
192
202
94
204
255
173
107
54
87
3
37
120
9
174
56
43
151
61
96
7
86
134
91
32
235
152
1
101
84
54
220
86
195
161
201
101
101
213
162
185
108
105
66
80
94
242
11
81
119
194
249
110
59
149
84
174
42
71
253
194
106
213
172
162
237
253
37
149
27
149
182
187
8
48
53
12
245
190
11
145
146
248
247
169
56
121
253
58
80
167
252
128
93
141
138
104
61
111
94
199
232
125
104
114
66
50
112
33
191
201
34
156
206
93
191
164
0
68
95
213
220
118
4
100
90
91
123
27
203
131
113
130
215
165
164
238
191
130
87
142
12
65
113
18
105
141
112
189
62
90
26
233
71
210
49
221
155
174
32
64
86
216
16
66
196
92
81
102
146
167
111
161
3
13
99
52
122
141
118
119
212
17
248
219
204
206
5
101
159
231
173
111
97
148
63
83
50
156
194
188
37
177
113
252
255
67
229
66
173
134
222
138
67
115
176
116
139
25
245
85
184
94
245
243
250
17
89
170
113
110
231
125
156
110
166
185
19
116
149
226
226
91
33
132
86
179
8
94
118
10
25
232
238
31
93
114
22
222
113
199
163
200
137
92
96
57
154
99
21
190
144
148
250
51
181
132
174
42
132
147
129
124
153
177
22
252
49
154
116
14
107
216
78
13
149
100
202
4
213
147
197
36
55
189
240
94
196
66
36
45
147
118
180
93
239
60
186
73
250
121
89
110
252
29
135
237
248
11
171
110
196
139
29
132
123
194
51
176
106
87
60
241
8
43
160
196
139
31
235
173
134
98
62
130
245
113
86
229
232
170
75
18
151
221
135
154
142
30
232
129
102
53
235
197
21
39
222
198
49
71
207
155
75
230
23
14
141
96
186
193
204
6
150
64
3
74
246
13
78
91
130
12
253
86
99
53
178
193
97
168
82
125
43
164
25
166
46
90
139
26
88
127
72
22
224
220
147
116
216
73
133
253
8
166
124
156
139
211
165
214
47
233
198
191
138
92
143
66
20
187
233
197
239
57
199
244
184
171
36
36
106
58
79
30
42
244
100
185
69
249
47
81
109
241
9
86
109
251
123
67
109
199
179
121
163
127
46
210
18
207
12
180
141
105
142
191
233
68
50
37
193
62
197
0
173
233
204
81
216
45
132
178
109
97
132
21
201
42
219
61
15
100
212
3
110
17
159
32
173
223
40
53
77
96
230
77
55
175
97
90
216
173
115
254
52
235
255
205
8
36
116
108
56
244
22
81
39
247
107
228
5
53
109
240
119
195
70
149
236
254
237
25
111
167
136
208
143
215
151
78
158
206
172
184
198
100
174
113
114
86
104
165
85
206
177
59
123
247
227
59
163
66
99
223
211
40
143
248
111
43
95
47
138
166
53
37
128
107
37
196
166
212
196
203
244
217
72
92
118
152
38
119
242
253
144
55
181
154
87
207
122
253
164
3
78
148
195
90
39
103
46
241
223
151
191
32
88
155
30
78
213
117
155
181
15
113
199
225
93
2
197
75
121
136
215
147
158
173
220
157
73
193
46
83
215
115
161
15
20
66
58
74
162
253
64
70
255
92
244
4
222
106
12
56
6
160
132
141
139
167
163
152
158
200
23
61
0
184
129
240
0
247
79
115
198
61
174
124
156
223
132
67
224
232
145
152
215
81
49
37
220
237
3
186
216
60
29
196
2
59
188
59
77
47
79
7
17
182
91
83
229
95
210
246
32
96
131
216
174
109
74
186
151
160
199
213
4
205
33
2
53
122
223
155
43
82
122
133
79
254
124
241
209
252
228
114
202
102
23
149
228
22
175
87
83
75
181
144
52
227
34
106
253
152
205
27
83
235
120
133
226
22
99
208
181
43
20
165
252
6
26
255
229
21
210
156
80
175
54
236
234
58
37
228
134
153
184
84
243
245
157
65
179
175
56
97
218
78
162
106
177
177
129
29
23
204
210
91
109
50
234
198
177
8
47
173
57
58
81
240
80
91
117
240
235
82
232
211
199
185
206
41
187
192
216
82
174
84
22
57
103
217
59
182
142
189
2
217
227
1
123
195
57
82
123
225
93
73
170
50
127
118
82
34
144
33
176
26
36
76
34
20
238
209
26
62
114
192
45
173
2
168
159
203
173
29
124
31
134
133
40
228
74
249
106
34
183
184
12
7
198
141
2
109
59
248
144
183
217
6
151
75
251
247
178
88
56
174
44
103
92
167
250
208
110
212
68
51
247
195
192
217
175
122
15
153
116
190
236
44
229
73
120
248
207
68
226
252
252
243
71
97
83
28
198
250
128
236
181
52
209
21
206
20
78
138
186
192
182
162
130
96
69
98
159
48
198
81
87
16
192
212
153
28
52
116
101
70
135
141
128
18
44
238
225
198
133
28
214
233
95
93
92
140
12
244
191
157
83
7
206
48
85
143
194
123
70
225
38
133
182
61
130
241
140
27
231
243
147
251
198
115
212
180
24
187
114
130
157
14
99
242
226
111
29
26
154
42
202
233
148
198
165
84
117
130
200
13
206
60
176
24
94
196
45
107
81
151
5
10
11
208
213
42
137
8
131
64
171
191
196
65
27
186
111
165
5
237
19
72
3
66
70
183
60
211
86
89
183
116
225
226
63
155
45
222
14
56
1
169
13
26
189
150
25
71
123
133
188
54
72
130
235
235
195
223
56
102
226
107
93
210
169
28
180
138
208
83
89
25
46
219
254
240
249
119
228
101
11
178
236
143
35
47
161
111
3
112
74
159
59
107
154
165
140
242
6
29
81
141
18
20
127
177
69
127
11
142
107
241
219
209
52
124
208
81
74
128
53
183
42
76
25
13
140
171
138
185
223
210
95
250
8
1
115
30
17
151
4
207
94
103
193
158
71
216
139
230
190
24
1
201
209
72
22
119
127
219
106
90
21
182
37
72
128
32
228
218
42
138
160
49
180
215
81
38
48
210
164
255
222
158
222
235
57
229
209
55
140
147
211
20
38
199
81
59
120
190
78
236
91
231
39
229
35
147
166
130
245
240
215
7
229
210
113
12
188
130
216
145
214
164
18
140
227
79
227
177
170
19
137
47
148
23
127
36
129
201
188
134
12
29
71
190
149
96
75
21
237
167
16
57
10
227
232
19
18
208
178
99
16
47
135
66
248
252
73
48
2
107
200
175
76
24
9
156
162
218
213
249
224
126
