214
165
228
136
70
147
156
37
108
18
95
135
182
70
163
79
60
245
64
124
78
192
27
215
243
150
123
228
168
63
221
181
72
41
18
140
85
142
34
60
27
39
37
96
27
230
139
191
132
249
225
90
2
154
118
159
211
107
74
40
115
46
7
179
246
32
130
172
65
163
240
30
246
51
22
124
175
233
227
163
92
5
75
227
176
76
216
17
115
121
124
144
174
199
99
169
92
166
250
112
106
67
35
244
86
70
125
130
241
5
8
21
87
201
41
110
201
21
37
5
175
84
132
118
45
188
151
90
147
154
187
136
55
153
156
37
158
167
9
36
180
128
163
114
6
153
10
71
65
151
152
213
73
161
240
20
77
107
110
117
120
113
67
187
184
247
20
19
205
152
234
221
31
2
88
31
212
140
37
45
185
61
6
79
179
234
121
29
129
106
253
96
140
89
229
167
44
41
91
169
234
162
85
71
201
54
112
225
63
132
220
125
59
230
219
183
213
199
207
206
52
56
194
106
247
76
113
94
172
184
134
164
158
221
31
83
215
196
42
223
3
133
241
66
81
244
90
149
74
16
74
120
179
134
133
105
214
54
112
211
149
212
33
67
21
231
13
252
235
215
190
0
208
246
12
74
236
27
190
93
193
252
129
149
135
122
57
242
195
106
108
81
229
229
87
227
22
68
116
188
207
7
207
219
41
122
156
120
236
73
145
204
125
215
74
194
76
189
219
179
181
230
183
238
135
30
87
143
96
96
110
136
191
180
227
61
123
126
219
248
175
2
134
176
229
117
8
177
176
48
86
51
68
16
213
64
32
97
37
92
201
148
38
116
177
252
7
233
68
198
168
93
181
104
55
181
50
99
220
92
13
163
214
160
7
59
21
206
155
193
62
20
242
151
166
63
73
168
114
226
138
149
102
2
47
196
81
48
83
160
112
25
102
119
107
144
22
116
235
28
6
13
235
92
52
209
142
201
173
229
234
227
113
12
148
174
85
77
249
114
108
175
95
236
152
59
134
206
179
46
222
46
41
91
172
39
115
75
89
246
185
145
72
16
252
201
161
192
201
169
151
212
213
46
208
107
144
118
26
37
23
82
68
58
152
80
179
21
67
209
147
66
71
151
144
84
109
73
11
137
141
39
40
91
129
127
1
221
158
6
166
93
38
94
113
11
186
14
101
91
126
252
57
248
25
148
254
54
13
87
11
146
157
99
143
40
45
61
129
79
147
254
78
159
194
192
97
191
17
166
93
239
40
28
4
70
43
80
127
160
22
209
215
193
81
45
246
44
74
171
202
44
70
21
208
226
2
79
145
232
168
103
147
121
196
156
207
132
147
32
75
213
12
62
235
218
44
81
155
251
217
123
55
117
1
91
66
39
213
169
189
173
36
37
114
15
204
8
189
252
241
26
108
126
98
16
114
3
246
160
154
161
126
47
154
252
95
16
23
222
230
219
184
185
149
186
2
156
226
195
96
47
74
17
17
165
61
56
208
47
159
163
168
197
142
184
74
180
29
141
8
47
159
140
224
37
210
119
136
241
117
202
156
167
1
219
156
93
248
162
101
82
49
147
207
102
3
87
162
38
9
233
54
191
243
67
187
10
22
58
181
248
176
210
242
195
102
217
180
91
57
59
68
75
218
178
45
103
173
243
83
243
162
182
64
38
145
97
206
152
250
44
87
195
216
250
113
176
173
252
174
228
209
110
186
106
24
33
7
83
111
132
192
139
184
73
16
144
111
69
174
4
225
213
234
250
97
67
248
31
156
85
205
239
27
210
125
220
143
162
79
213
47
89
245
65
248
220
132
40
219
194
47
159
208
124
164
34
8
36
49
198
145
146
77
140
151
166
217
27
211
239
108
19
95
138
230
138
161
94
1
122
199
154
108
197
192
130
78
221
16
218
191
71
148
241
23
149
177
143
93
6
126
240
194
189
115
253
156
17
150
130
240
211
37
181
50
178
88
115
254
78
64
112
163
183
250
115
8
228
238
178
40
235
7
149
218
86
105
14
147
93
232
99
165
3
129
25
78
42
49
171
210
121
200
186
41
17
77
204
100
61
244
46
166
175
126
252
82
116
183
51
19
225
233
227
221
212
12
107
135
194
228
224
252
232
123
126
220
16
22
219
12
207
19
9
13
244
203
172
244
61
101
38
99
197
115
177
151
239
184
101
39
153
29
3
35
95
99
69
206
85
80
87
187
23
43
28
162
16
213
151
141
215
48
78
204
101
152
230
63
108
127
126
105
108
234
55
116
83
91
175
64
72
190
61
45
22
106
226
32
23
52
191
61
236
59
67
119
139
109
2
34
142
138
139
99
4
86
110
113
123
242
155
240
200
36
17
187
73
69
115
246
66
176
1
52
145
136
184
43
193
88
149
144
119
56
46
191
253
41
51
65
107
234
165
121
26
99
177
249
45
179
211
238
43
23
128
178
152
169
45
56
176
221
185
65
58
138
240
129
161
109
54
83
54
137
208
132
232
254
115
111
87
225
69
40
30
70
140
63
227
133
119
196
29
205
113
110
237
247
124
180
23
228
225
63
90
20
4
209
231
194
144
105
34
238
168
42
172
182
24
86
90
74
36
193
254
163
86
77
164
114
185
232
202
74
90
137
208
96
133
61
131
185
61
111
78
25
125
15
253
194
196
173
156
61
68
79
149
161
151
29
36
26
192
30
25
243
49
217
0
220
104
202
220
106
192
159
171
164
140
133
101
178
216
19
13
247
246
80
61
17
46
194
119
24
89
78
149
227
238
104
172
134
46
223
126
177
3
218
32
59
177
76
94
50
233
48
114
229
236
187
184
110
255
204
91
244
198
241
90
180
230
137
57
204
148
132
189
181
129
73
235
106
155
167
118
71
103
54
130
155
69
251
47
147
168
134
122
235
136
148
156
173
95
40
183
248
142
73
64
243
76
199
75
247
181
231
240
191
69
71
78
226
180
53
158
207
140
205
37
143
77
54
158
139
207
213
102
220
127
181
68
91
212
190
183
248
162
43
237
224
112
219
177
101
156
75
140
223
122
91
37
104
6
42
213
48
102
83
158
198
109
158
79
124
103
230
199
246
104
234
47
183
113
30
196
81
223
118
81
220
79
240
229
100
46
82
138
22
172
148
68
199
208
180
7
65
60
4
180
92
87
27
27
53
230
70
159
219
113
246
134
44
202
68
52
119
107
46
174
71
24
78
165
81
52
124
141
23
72
252
220
237
56
115
109
82
32
119
95
89
78
60
120
88
182
191
206
222
130
155
118
48
163
254
194
140
138
109
69
0
27
199
175
181
11
41
245
240
44
209
176
50
97
50
80
82
19
76
86
113
77
98
116
148
12
189
227
69
51
81
72
219
85
238
30
129
223
237
68
249
12
193
188
37
150
24
192
85
238
84
217
155
22
48
167
5
123
149
81
73
63
216
136
134
118
89
1
29
5
191
21
67
40
13
41
67
153
135
89
237
233
146
61
94
254
119
91
254
229
171
54
192
70
119
216
32
117
3
58
93
47
140
232
159
169
29
190
165
149
174
71
116
131
172
197
166
122
10
181
135
37
1
217
46
204
6
71
99
8
140
42
67
114
64
156
245
29
117
7
224
39
195
192
75
238
103
208
251
240
134
20
53
13
88
3
191
139
43
84
67
208
52
245
70
82
140
50
239
23
112
1
142
112
94
99
199
90
241
108
114
171
23
27
165
1
156
42
153
41
107
219
41
249
37
242
235
29
99
148
39
208
91
149
139
114
83
113
38
81
146
36
24
28
181
111
112
221
157
105
130
250
93
175
4
6
200
197
141
83
76
145
178
165
249
162
175
193
156
181
169
61
159
240
73
238
9
2
80
75
244
138
66
245
240
15
17
71
141
22
190
17
14
1
38
89
215
109
229
11
143
235
171
221
32
217
181
181
87
177
63
170
122
36
179
191
190
195
204
156
40
36
14
77
203
180
164
87
54
130
148
163
219
97
112
178
134
125
65
56
17
103
166
174
49
240
144
149
73
220
219
152
164
223
9
213
77
6
209
150
4
148
138
147
74
179
13
122
206
63
139
119
146
254
189
185
65
164
60
126
151
250
205
171
127
143
55
85
215
188
31
61
112
65
62
209
224
114
217
137
223
74
117
62
193
18
64
149
193
196
42
157
107
34
169
235
218
37
23
151
52
179
156
30
50
188
62
160
14
110
220
4
226
226
36
185
232
47
250
146
153
126
199
242
42
77
82
129
235
131
227
25
190
122
245
15
144
48
158
151
89
88
122
25
157
159
153
175
148
155
76
133
186
35
9
245
27
70
147
137
227
26
226
171
216
229
169
196
192
33
228
133
189
20
39
61
188
153
53
0
8
28
252
32
186
132
30
100
73
255
108
39
47
228
194
14
178
215
125
239
23
122
212
187
152
205
70
90
168
202
221
44
87
185
150
222
142
168
227
177
237
75
25
135
66
234
38
26
75
192
74
150
201
37
75
130
126
244
172
37
233
143
73
130
77
157
213
252
200
139
172
19
124
40
48
89
248
230
99
155
120
221
122
79
218
106
130
31
183
213
158
114
105
23
107
36
2
6
55
81
68
84
139
52
219
197
177
73
177
44
62
220
221
14
214
25
158
217
255
26
9
27
49
107
214
133
144
203
183
0
23
118
239
77
225
207
67
92
78
56
68
80
74
146
93
170
206
244
118
207
58
146
129
99
76
176
201
138
96
35
224
151
146
40
220
194
131
195
41
154
234
146
121
121
137
235
51
177
92
239
12
35
61
96
121
28
211
133
253
52
28
77
84
6
127
147
187
143
70
61
95
241
165
121
61
173
146
0
119
5
23
161
254
98
233
241
43
197
154
170
156
242
14
11
17
244
34
160
221
117
160
187
240
18
168
236
98
116
198
224
198
196
184
68
250
100
65
95
242
241
115
248
114
26
183
189
188
135
153
98
57
167
49
248
172
5
163
82
244
1
71
60
2
231
150
146
14
177
106
43
62
200
174
240
251
193
27
203
164
184
161
218
250
31
248
64
65
178
11
46
19
28
106
217
246
212
156
76
219
160
192
115
115
50
143
198
252
30
86
118
88
136
185
42
231
62
117
85
162
131
43
135
179
211
251
156
242
105
50
74
96
243
73
25
50
242
199
162
132
198
21
13
126
54
180
152
233
187
208
38
231
232
154
5
152
215
2
249
135
233
30
165
224
156
127
56
103
254
170
160
73
65
169
203
76
232
126
219
76
127
168
114
61
55
240
212
75
159
209
21
254
184
184
99
148
68
238
32
254
71
65
171
252
26
195
217
87
9
247
144
143
234
90
214
212
200
146
213
226
56
238
223
77
4
102
125
246
93
54
41
94
164
54
90
109
113
65
63
81
176
196
47
184
123
100
63
163
11
89
17
127
32
149
200
149
124
116
71
93
31
223
30
215
228
240
130
223
252
158
150
37
26
102
186
10
194
233
76
213
122
136
113
7
16
214
99
247
77
181
12
167
62
157
61
49
123
16
184
44
141
177
78
112
196
89
163
136
255
77
99
17
235
190
165
66
94
119
91
244
195
148
254
10
139
152
9
116
63
11
138
67
228
118
211
165
146
22
163
5
66
53
28
234
132
29
242
207
175
59
205
235
230
193
237
188
221
137
18
90
74
22
137
236
76
152
108
129
87
195
2
31
85
231
23
107
202
235
160
157
164
156
77
202
63
166
49
149
134
34
130
40
155
44
190
153
134
132
197
67
202
124
119
149
69
195
20
53
227
189
32
80
222
21
16
224
64
112
139
105
135
1
189
197
0
239
119
221
253
106
86
177
229
103
136
33
229
136
234
134
159
228
15
124
136
158
23
141
64
255
132
112
136
206
94
41
222
219
44
211
122
29
243
165
51
164
157
5
28
8
38
127
172
103
29
8
62
150
46
201
225
47
121
126
255
97
191
92
34
122
45
67
227
118
2
53
112
45
251
148
225
52
242
65
30
210
254
65
73
175
0
80
56
90
214
243
217
243
117
221
47
116
91
87
167
95
166
6
3
193
137
225
160
27
19
157
231
232
182
142
71
247
102
163
168
143
52
238
230
0
39
183
115
78
84
186
22
216
154
242
133
162
33
149
170
224
116
81
12
220
107
94
249
68
53
63
69
68
111
158
100
251
181
175
54
114
75
50
197
171
61
186
101
216
69
201
98
245
74
112
96
11
115
99
110
144
150
141
238
46
135
200
6
101
42
78
201
66
83
83
241
179
13
16
248
69
136
232
60
165
206
171
245
57
9
29
161
152
113
51
188
77
166
103
216
125
226
96
87
167
213
185
115
170
152
141
231
235
37
190
145
80
19
104
180
155
133
131
253
48
1
216
7
239
33
120
232
192
50
218
102
59
219
170
217
91
34
173
146
167
187
70
154
74
190
134
164
170
157
236
47
85
54
2
5
30
197
33
186
190
249
136
87
229
189
204
234
65
187
146
50
150
174
17
75
147
97
56
13
161
58
250
100
9
247
38
32
122
162
130
104
246
183
143
15
59
146
59
115
10
25
196
80
15
237
91
234
7
189
202
204
49
144
138
109
247
217
17
105
27
116
189
125
10
78
207
61
96
136
11
6
216
209
40
16
77
245
2
58
159
148
228
183
114
128
234
88
109
106
223
44
192
200
0
239
90
120
108
74
105
110
172
220
118
204
191
189
100
105
139
8
17
168
37
212
47
115
224
197
149
173
63
254
207
246
187
113
127
79
46
165
183
85
131
223
197
225
149
145
237
25
17
168
95
58
102
16
38
240
166
171
110
168
134
49
161
133
4
7
156
211
79
40
109
148
114
80
57
141
123
44
141
132
89
122
5
116
206
51
38
140
160
226
202
68
19
180
116
125
43
188
194
77
32
142
238
191
177
52
103
195
148
67
153
80
156
47
168
12
60
174
191
178
18
51
198
97
176
15
2
45
174
45
56
121
227
222
209
17
215
204
