50
162
95
169
220
122
114
134
55
116
74
104
116
43
116
203
42
91
83
228
66
176
135
27
42
237
161
231
255
47
42
211
136
171
127
111
253
191
236
66
89
123
110
240
202
116
215
15
99
13
33
77
109
36
56
55
1
246
141
61
15
156
252
95
209
185
70
125
176
58
150
15
103
89
44
57
62
2
85
142
45
169
157
242
226
59
113
242
76
44
59
81
50
143
188
82
167
9
73
76
252
8
175
39
240
49
191
147
3
42
179
100
24
148
91
84
238
28
164
23
118
39
143
104
225
37
56
111
29
11
53
110
160
76
53
113
211
165
130
85
104
154
231
163
75
65
157
237
88
80
43
171
174
137
108
134
61
145
149
28
217
26
250
180
32
203
119
173
255
47
99
140
117
179
187
231
142
5
55
189
134
57
20
8
33
10
201
127
233
18
82
21
230
216
181
224
116
193
229
149
220
110
171
216
188
170
180
236
247
171
245
88
255
37
15
167
236
220
172
239
59
16
137
161
253
125
23
70
208
186
81
64
35
153
38
70
239
47
148
67
80
48
52
17
98
93
230
6
130
218
206
74
86
145
235
53
195
49
45
236
45
158
20
193
32
95
48
240
218
61
155
31
183
136
103
170
67
64
56
158
240
239
4
245
253
72
6
38
207
32
236
185
21
94
41
145
135
143
109
123
79
156
212
46
195
126
30
181
248
61
116
166
10
78
33
26
158
137
170
105
151
140
191
162
77
209
183
93
177
65
177
38
64
23
40
20
255
96
102
92
112
5
128
73
3
58
55
27
177
231
13
106
75
112
200
205
61
0
77
100
130
28
77
112
235
213
43
29
145
109
51
214
142
195
175
209
236
10
122
36
70
93
120
58
141
230
122
64
102
195
21
157
36
188
234
177
78
244
2
69
156
213
27
23
171
132
229
78
169
166
209
130
78
86
134
175
193
205
11
66
203
37
79
80
42
134
81
68
250
131
97
9
238
156
44
178
20
56
68
84
21
77
189
205
181
33
246
237
198
157
121
235
233
195
78
122
59
215
78
252
151
251
18
68
123
200
12
145
142
164
154
95
63
108
192
210
59
71
219
95
90
253
99
36
20
89
82
181
145
202
250
54
199
78
246
193
210
60
123
251
172
80
83
74
166
60
49
99
162
192
33
240
178
34
248
222
133
69
197
177
165
33
240
27
211
112
17
50
177
251
12
236
111
159
179
54
53
58
128
50
76
252
32
238
217
90
186
8
127
200
169
117
136
188
176
184
170
203
182
62
52
168
188
69
70
110
185
42
195
137
85
26
162
191
252
154
251
80
102
13
161
157
127
160
218
163
155
218
121
50
240
63
61
22
151
219
2
45
180
248
91
1
45
171
254
225
223
36
151
212
121
224
195
25
63
26
64
80
36
6
151
165
131
142
167
175
227
59
251
61
16
158
195
193
91
13
19
61
19
21
167
1
71
96
215
80
93
244
226
215
206
115
230
52
37
254
31
227
99
27
219
176
145
159
221
15
93
52
45
137
118
64
59
136
128
182
182
48
151
195
71
175
75
73
173
33
56
177
11
173
203
224
178
81
125
162
43
3
162
79
109
124
249
250
56
20
184
18
90
40
63
93
69
29
104
246
63
203
209
158
32
152
225
182
114
168
168
41
150
106
244
236
111
123
213
183
4
10
145
54
179
121
158
178
17
20
185
64
221
182
192
73
238
35
0
252
40
245
167
227
2
135
158
173
191
145
170
190
100
124
91
254
254
189
153
49
220
23
50
30
33
186
78
178
53
135
248
23
102
110
160
226
12
149
129
67
35
170
26
3
41
53
94
123
138
214
151
220
197
213
34
212
98
248
92
187
105
100
224
152
139
92
84
6
25
223
233
207
112
145
101
177
152
138
0
123
128
181
148
188
116
97
247
52
199
232
143
1
169
182
111
40
178
105
208
122
170
33
148
207
203
201
18
51
54
69
172
244
25
162
49
117
238
134
222
160
153
137
1
151
132
77
246
236
95
239
61
250
198
48
10
138
112
221
194
174
181
68
193
99
247
84
3
31
203
130
68
18
254
95
230
205
107
22
80
181
91
69
155
173
36
2
227
143
26
27
188
0
223
21
169
170
95
2
12
254
59
108
227
195
100
107
87
175
128
103
111
5
141
77
213
180
132
55
67
174
250
165
252
251
246
2
104
231
25
107
11
208
81
178
184
124
61
122
161
71
61
61
251
134
7
199
35
151
246
219
4
153
226
159
230
205
92
224
86
101
173
5
127
182
19
77
167
92
214
173
122
197
70
243
128
105
40
12
13
182
207
125
208
234
21
117
147
176
247
113
47
110
99
235
89
99
23
235
114
90
92
18
40
26
217
132
72
67
138
146
179
139
32
239
196
249
138
86
106
56
175
130
3
92
201
202
142
121
13
16
153
173
151
31
36
27
70
253
98
177
106
221
133
35
144
78
5
57
72
159
13
10
44
245
38
1
206
222
131
8
144
128
196
31
161
93
82
19
108
160
101
119
29
158
11
14
245
89
224
203
9
23
153
106
237
52
160
10
137
249
190
187
29
153
145
193
115
90
27
42
46
109
122
130
113
53
195
152
236
2
243
234
210
202
94
121
54
81
29
117
201
144
3
110
133
179
164
74
30
119
2
155
110
197
37
55
0
223
21
157
155
140
63
155
197
157
124
97
73
176
89
93
3
99
221
74
0
157
167
250
23
65
244
8
243
21
194
33
69
107
17
228
113
71
80
22
236
47
9
145
81
23
29
16
239
255
157
225
251
126
134
11
21
30
35
126
103
216
47
202
224
200
160
133
169
148
221
114
187
115
101
43
142
207
244
200
55
238
146
80
107
104
244
166
243
127
245
201
14
158
202
100
203
219
239
67
69
25
159
13
120
50
172
179
166
56
156
197
151
190
1
202
154
34
148
117
232
71
72
179
49
189
107
90
173
137
79
95
113
205
149
196
108
23
142
189
169
161
213
254
59
125
175
218
49
106
112
182
140
235
209
161
228
161
80
148
10
226
12
91
141
123
49
115
42
116
69
232
79
20
57
5
65
201
99
243
236
191
148
61
1
73
70
170
103
123
5
210
105
139
119
193
7
79
40
134
115
113
120
171
22
253
187
31
0
159
182
116
225
63
223
52
251
0
21
204
210
140
63
0
231
27
75
23
208
140
166
147
84
152
111
20
108
33
179
205
52
253
73
245
167
133
215
133
229
142
45
211
121
123
159
226
70
141
85
184
160
50
127
218
16
38
42
125
185
157
187
174
66
11
9
165
127
52
117
167
203
92
89
162
251
239
190
241
36
71
72
8
149
54
52
51
235
15
202
91
253
163
70
7
14
191
98
164
241
13
195
43
99
165
154
151
198
138
197
10
47
24
164
255
80
226
208
64
201
9
126
172
159
13
151
14
109
180
44
34
229
193
46
118
65
161
178
216
235
24
220
161
253
241
79
57
178
48
78
136
99
9
46
86
67
200
226
85
91
227
9
232
154
242
191
229
0
112
93
156
144
161
157
56
92
211
220
189
121
77
226
96
20
115
26
21
117
180
165
168
156
237
30
97
45
150
104
53
0
203
148
254
36
119
157
21
246
60
43
161
132
76
37
175
100
208
245
55
144
171
199
9
88
211
168
73
164
6
112
113
126
218
32
94
245
94
14
194
113
159
85
101
70
168
176
206
171
28
234
115
24
34
202
28
194
178
34
113
198
51
182
47
145
90
125
133
6
248
71
9
251
201
103
235
34
189
61
162
218
28
137
174
200
88
147
153
16
175
157
68
119
100
124
74
170
90
144
186
241
137
92
197
119
174
202
130
115
165
124
64
66
63
234
21
199
167
77
36
138
27
178
233
22
168
204
145
236
63
209
117
124
20
100
166
10
193
143
9
1
179
179
65
232
0
121
214
45
76
27
32
111
166
190
138
17
118
150
189
52
98
103
89
14
50
132
206
60
249
113
75
47
118
134
59
19
112
88
236
189
44
159
207
221
132
224
142
52
149
79
58
85
154
164
60
245
224
1
20
29
75
232
170
144
108
201
197
125
193
162
123
197
104
100
186
249
35
88
203
233
129
114
59
54
97
89
99
59
178
99
41
216
75
84
72
93
189
182
92
29
74
17
117
250
72
127
225
163
157
80
250
148
61
14
108
174
53
149
194
4
177
214
131
206
23
137
250
88
174
243
74
232
131
220
250
37
24
108
149
235
75
142
248
37
179
155
218
40
151
18
38
78
39
123
229
155
71
207
95
83
125
131
230
216
67
170
232
132
70
76
233
142
171
170
209
248
96
31
80
66
80
229
77
123
77
94
212
115
120
40
216
195
1
128
129
14
76
96
173
54
194
162
103
72
113
233
90
151
80
110
202
70
54
255
218
56
7
87
69
224
132
226
151
21
23
140
80
128
26
94
97
17
96
152
62
212
148
17
88
240
62
105
252
153
197
65
185
213
191
36
215
202
192
157
100
111
210
135
114
221
214
63
132
246
80
92
189
18
40
226
83
71
242
143
106
17
107
82
212
22
230
173
213
4
5
116
129
187
63
73
108
219
170
243
139
99
46
134
229
130
38
192
143
142
66
115
30
68
159
89
57
32
105
254
195
97
241
114
151
89
116
138
8
187
23
141
88
136
149
178
74
165
0
52
227
253
105
133
104
136
84
185
31
125
124
15
197
187
254
51
203
73
138
109
146
238
254
113
47
199
37
35
149
45
248
181
228
218
184
254
127
246
174
239
85
222
179
139
2
112
16
196
113
128
191
41
184
6
96
98
46
132
77
240
143
131
225
216
122
22
119
179
203
191
178
91
1
48
15
97
254
136
58
188
111
49
147
244
230
4
103
170
94
21
27
164
15
117
27
14
36
246
182
6
84
144
218
98
103
23
214
120
218
13
59
119
9
168
138
248
138
66
173
170
223
141
254
212
140
99
121
218
124
47
168
204
107
81
57
157
238
218
170
30
242
137
173
220
88
39
121
75
14
217
222
31
27
238
70
134
135
54
177
119
129
23
131
80
23
60
34
176
112
220
155
111
89
17
208
3
57
64
17
189
100
116
69
121
81
19
176
120
229
77
133
216
25
147
88
117
61
146
244
198
68
166
160
218
48
21
244
164
184
32
154
54
232
232
35
15
243
25
165
126
110
86
47
33
177
185
82
159
47
129
71
119
123
124
122
148
233
35
88
119
218
180
120
80
93
57
213
45
72
144
181
224
159
17
53
31
166
185
224
151
188
86
229
57
207
237
47
181
107
147
98
226
98
114
226
56
97
241
84
189
168
98
31
185
247
60
122
246
34
193
246
241
127
178
10
200
242
76
82
200
26
235
24
55
2
224
124
196
206
102
189
30
105
252
126
105
22
122
101
3
112
79
246
68
13
117
68
112
38
107
147
175
29
37
250
251
80
38
228
155
59
91
235
143
219
30
65
246
73
14
7
169
2
62
90
220
163
151
227
60
33
235
30
184
209
147
236
48
252
107
173
246
209
140
91
233
251
183
180
175
118
128
27
56
253
224
46
114
156
107
185
128
122
26
27
24
241
211
26
206
52
52
238
184
105
32
226
122
28
243
230
20
4
28
65
209
73
191
51
2
135
147
225
121
178
204
177
203
131
177
185
119
203
210
243
239
243
191
115
30
167
124
91
128
201
81
134
28
168
212
165
101
243
28
227
172
140
201
37
171
221
207
41
127
242
164
137
34
146
12
155
68
98
149
189
72
246
112
52
200
39
189
192
204
90
125
173
8
190
130
61
67
105
54
118
149
253
255
169
2
250
138
135
116
58
196
153
51
12
21
197
186
200
113
5
84
253
38
10
26
46
220
170
119
126
77
43
180
81
92
175
86
26
41
48
87
34
82
140
87
202
16
187
233
209
27
35
245
240
93
219
30
135
171
109
59
132
72
119
28
67
74
55
22
140
83
123
221
254
22
93
36
189
153
219
182
177
17
32
153
116
162
56
89
119
56
56
197
148
231
243
0
26
163
158
9
151
244
181
135
140
197
33
111
29
234
202
92
182
182
66
220
117
108
96
121
191
168
44
23
14
147
165
80
213
100
29
63
111
80
28
3
100
237
136
51
232
7
229
123
164
32
205
244
120
132
15
211
203
11
71
207
33
107
75
82
13
238
220
139
53
76
222
105
101
24
124
248
83
184
204
119
40
86
236
14
197
121
157
111
31
173
128
221
100
208
135
88
241
175
208
203
74
43
30
250
234
254
139
190
227
14
231
242
141
202
217
9
135
168
8
33
224
68
18
171
20
88
201
13
167
113
208
140
205
72
225
45
1
192
248
28
129
245
11
135
31
234
106
148
145
97
250
245
108
116
170
137
27
39
214
101
152
70
157
58
255
153
165
165
15
59
156
75
229
218
144
223
192
124
84
60
170
179
182
120
188
243
14
37
154
232
232
14
148
239
125
24
105
156
90
183
4
172
97
143
22
179
102
17
211
147
216
83
237
184
215
6
197
181
5
95
151
187
108
160
64
241
176
81
27
10
53
90
87
141
197
224
79
234
116
8
203
6
194
79
27
69
168
37
173
112
73
107
191
158
32
210
184
100
248
253
16
78
78
74
13
78
219
239
75
25
71
155
195
48
11
27
173
118
162
62
5
32
190
102
103
61
38
108
87
158
103
135
122
100
7
249
113
106
230
171
3
168
53
31
255
171
166
205
15
150
32
157
35
10
2
89
239
188
91
158
23
213
58
114
23
2
104
81
107
121
57
157
41
185
159
241
236
24
25
251
170
162
116
136
133
240
166
151
126
217
62
38
77
53
69
181
161
43
53
97
98
85
8
158
99
213
215
205
134
252
217
37
230
227
230
45
68
68
56
65
123
69
88
214
14
119
108
213
100
15
199
84
77
144
76
210
221
157
43
42
208
135
220
143
234
18
50
12
10
240
127
237
202
14
9
75
227
34
7
180
227
144
186
35
109
