90
-11
62
46
-18
91
-90
61
-64
-66
-88
15
85
7
123
-39
-69
-118
-82
72
54
-23
-47
124
25
-84
-83
99
-74
99
-32
-114
84
59
-35
110
67
70
10
-66
-31
117
-10
99
-98
-81
116
118
-50
-76
-67
78
-11
-127
-28
97
23
63
-29
-8
81
44
-65
61
-105
99
-111
-114
48
-90
4
-97
97
88
-13
-43
-72
-85
-104
52
50
-125
-38
-46
23
-56
110
-68
82
119
-94
88
-84
102
99
-79
127
89
106
82
-109
68
-98
103
-124
-5
4
-30
-36
79
-125
-19
-93
-100
-30
122
46
-79
112
-125
87
8
84
-60
45
-80
34
123
85
115
115
101
64
65
47
-108
79
-44
96
-128
94
-65
47
109
1
82
103
-62
-9
-127
99
43
-44
-55
-64
-61
-80
92
63
91
63
-22
90
72
46
-55
102
-111
-40
120
-22
109
-121
58
49
-14
-121
11
38
82
-89
80
89
58
38
-89
-95
-71
-57
-102
108
11
6
-84
2
-29
17
54
-125
125
-24
-14
-1
-80
105
-26
-69
-83
-67
-16
-7
26
74
61
-122
14
47
39
47
-72
126
107
-33
-6
112
83
102
-70
-128
-28
82
18
-102
-75
-61
-102
-97
98
6
5
-69
108
73
104
15
-83
50
-113
-40
106
-12
-29
-92
105
44
-65
105
-125
123
36
-92
-57
78
-56
-30
86
-59
39
102
60
-105
71
-5
-18
101
65
13
-40
-52
58
61
-88
26
-41
15
48
-14
-23
-74
-94
86
-25
48
-102
-63
-4
4
112
-104
25
108
72
93
101
116
-30
84
120
-106
61
26
124
37
-31
38
-19
87
-118
109
13
90
72
125
-78
-22
-118
-45
-126
59
-32
24
-6
-128
-16
-86
-60
125
106
113
38
61
23
0
109
-79
-97
100
76
35
-72
-4
-76
44
-68
-1
52
55
37
63
-13
29
74
34
126
39
-52
-48
-11
-109
-118
40
-82
-57
-109
-62
75
-36
-23
-9
-48
-44
97
-116
-32
98
-45
-89
-4
67
-38
-49
70
-110
-87
-88
100
35
68
70
-61
-116
72
86
-101
57
-32
-84
-22
-16
-19
-100
-28
121
-6
-19
113
-28
-44
57
68
110
74
-50
62
-28
-125
2
74
-79
80
30
-18
83
10
39
-127
-56
-98
-32
-32
86
-77
19
105
-116
-63
47
-26
-29
84
-37
-24
-111
24
-89
113
-128
51
-41
29
-26
-112
122
61
10
-39
121
31
32
-19
-113
-58
91
-30
62
-105
-7
-34
118
-73
-15
15
95
38
35
22
16
-66
56
45
-104
96
-81
-33
127
-21
3
-34
33
-4
-42
-46
-112
70
56
100
84
-107
8
-81
24
-40
-10
-95
84
106
25
15
-64
-112
55
-104
-13
94
48
123
-113
62
72
-100
111
72
97
49
106
-90
54
-99
69
-2
111
-26
101
23
37
-21
-98
-42
-66
75
73
47
-1
-50
-89
55
-49
45
-69
46
109
3
-91
-40
-24
-33
-73
-98
51
-58
61
98
49
88
110
100
74
116
83
67
-30
39
-24
-65
23
-40
-58
-69
75
-7
-44
43
47
27
-7
-51
51
42
-36
-123
-71
-10
-14
42
26
-52
-63
-52
27
88
-97
16
-65
73
102
11
120
-79
-22
-29
-3
-70
69
42
116
-52
29
-7
-69
16
115
124
121
-99
-63
24
-43
-45
-60
74
-60
38
-63
27
48
85
110
96
10
-104
-97
-68
-87
-83
69
-49
103
43
-88
-113
-62
-124
83
103
-3
14
-89
108
6
-3
-25
-116
-108
-115
-38
55
87
8
46
127
15
96
-101
-96
-87
-10
102
85
-2
121
-52
118
117
53
-85
-17
70
-47
30
-5
-10
-94
-123
108
117
11
52
39
51
-30
-4
61
-31
-71
17
-59
106
12
-59
-113
-35
115
-27
55
79
-6
-127
-76
-53
89
110
-58
-78
-124
-85
-30
-32
73
-121
-12
-9
-92
55
78
-8
110
-35
55
124
-38
68
-66
27
58
115
118
110
69
-114
-122
123
-91
-31
117
-40
-83
-48
-113
-39
-59
-114
-36
84
-20
-82
14
95
2
20
-94
55
71
-53
-37
-47
-44
-63
36
80
85
-49
-102
-103
-85
-85
118
-34
8
95
-44
76
35
105
-46
-33
79
56
45
62
125
-64
-77
75
72
91
-42
-9
56
22
36
5
-37
-29
113
42
16
-117
-43
102
-28
-77
23
85
86
-64
124
-24
36
63
73
124
-23
87
4
-105
66
-11
119
83
-108
-24
68
-43
-10
76
20
49
-24
-33
90
6
-37
-26
119
37
15
-106
-13
0
-91
98
39
-119
-78
45
114
-107
83
72
-26
28
104
-21
69
-29
-114
17
15
42
-103
99
59
-111
29
-41
-108
104
-127
77
-14
20
-49
-33
-78
-99
125
-74
99
35
-117
92
70
-92
127
-104
-108
14
76
93
-113
-105
-43
-48
103
57
-111
-16
82
-15
102
-99
62
69
-127
111
88
75
35
-2
-53
88
34
-86
113
110
119
-9
-120
-36
4
31
6
-115
120
32
-70
-118
-41
79
-49
94
-124
30
-88
-63
19
124
10
-98
45
9
-93
109
-41
39
-127
4
12
-4
123
58
-27
-59
98
-74
-112
-20
-33
4
-104
-109
-33
-103
-51
115
-18
126
-18
-8
72
-87
-30
-59
-19
27
-74
-31
-18
-128
21
13
-98
68
68
39
-14
-117
84
89
103
38
85
-69
-102
-116
-87
8
-103
-11
-79
2
29
-13
-99
-120
-63
-112
-122
-83
-22
92
-5
8
120
-10
36
91
20
-8
64
122
117
18
-99
0
113
40
-37
75
62
84
119
27
-55
-17
-105
-117
-66
-54
71
26
66
-60
-46
106
-22
-91
-57
116
121
126
90
29
112
-41
-22
-102
75
-94
-47
-118
14
-39
17
-66
44
-47
-32
26
-44
18
121
-104
90
11
-44
124
-6
-37
12
67
-102
-118
-76
-63
-2
92
-7
-12
95
-77
-28
3
-112
-11
1
-53
88
124
65
83
-37
-14
-47
-52
58
-25
102
-4
52
79
-125
39
-19
-63
-16
-44
68
-125
-40
-85
-86
-28
-111
-51
76
92
-9
4
67
127
-87
-46
49
46
-59
-6
24
-114
82
124
-13
-121
83
-55
48
-31
6
49
103
30
-60
29
-114
103
-86
-13
-128
-125
-68
45
42
-105
-82
16
106
-62
-79
-78
4
127
-30
51
-84
-61
-126
61
-73
-43
-114
-123
-3
26
-58
112
54
-107
57
-21
113
-25
127
39
-113
-113
93
-75
124
-42
124
-87
-22
125
40
80
-14
-45
-88
-70
62
9
23
121
-41
-22
26
106
13
-91
126
123
28
-31
-53
-119
-5
-44
126
-29
-28
-8
40
-21
91
-21
-118
-48
-50
84
-16
-87
-38
32
-40
78
-111
-29
-13
-112
-112
8
51
63
9
-94
103
-77
-61
61
-53
57
121
-26
-99
-124
-88
18
-11
52
-88
80
51
81
41
-35
78
-88
50
27
56
-56
-5
96
-73
3
50
-54
-19
37
-99
51
28
104
-30
-26
-47
99
84
2
-94
-60
-103
67
-123
-48
114
-10
79
-46
73
89
121
115
115
-28
-16
-63
55
103
79
4
59
38
100
48
-89
-24
-50
126
41
101
-121
-14
-91
-19
-120
-48
-35
95
-19
-53
-90
68
-122
-45
92
-126
-7
-105
-3
-49
16
-118
-17
-77
-105
45
-111
-72
-39
-16
-47
7
82
-98
-55
54
-100
99
-20
-5
93
125
-1
-25
-66
43
-84
-63
120
-117
31
93
121
122
-58
40
39
-33
-17
25
-87
119
-18
-82
72
57
-62
-17
-44
105
-73
111
-48
-52
10
-41
30
-42
102
-67
122
48
-84
74
79
12
63
20
77
80
76
51
-11
37
82
42
106
-16
-102
-107
-96
-38
-31
75
41
-41
83
-11
22
-102
120
65
-32
-72
-45
-108
-58
31
78
-115
-94
97
54
-59
-90
-121
-3
118
-33
50
-62
-121
12
38
100
69
5
-92
3
-97
-88
-69
-44
-66
-115
-65
-29
-11
71
85
72
29
-120
-28
-119
24
2
107
0
-125
34
92
5
-7
90
-29
62
69
-111
-20
100
20
35
62
114
-83
73
18
64
-9
-5
101
106
-35
-74
80
70
85
110
112
21
-22
104
-73
52
97
124
56
-127
18
-78
14
86
109
-21
114
110
-81
59
62
-103
82
-24
1
5
82
38
116
-38
2
-69
-18
61
-107
-95
39
-35
-4
4
41
-44
-125
-51
-92
-103
-10
-126
100
89
105
15
-68
-99
-56
51
30
63
51
-100
-64
-94
-44
100
-69
-100
45
-97
-7
-13
-104
-72
-12
-63
-38
-56
7
79
-100
23
-62
119
37
-86
58
2
-8
15
47
-80
112
-50
-46
113
-121
103
-128
-82
40
93
-128
-52
-22
92
25
73
85
53
119
-123
-54
88
107
4
-14
79
-102
94
104
-124
3
40
59
-115
-55
20
-99
50
82
-4
50
99
51
-73
35
22
36
85
-26
-31
126
14
-123
33
-96
-85
-52
-57
68
-44
66
45
-17
30
110
-85
54
-107
-56
91
65
91
3
-80
-39
-101
-60
-121
2
-62
-27
118
65
61
-90
-61
13
-27
102
86
-54
-110
58
-96
58
-104
-44
-32
-98
-124
116
-124
-109
117
125
77
-79
-112
-89
57
49
-24
-12
88
-47
-81
-98
-80
16
32
-34
89
12
22
121
-76
-128
-37
-117
42
67
86
114
21
4
-43
-96
-101
58
-21
-13
52
-72
94
122
-82
-44
118
20
-29
-17
109
95
64
45
23
-107
113
-127
54
-49
-84
-13
-79
-13
-58
-13
88
10
-42
40
-44
-77
-18
-32
-35
46
107
-13
32
56
-80
-87
-90
-82
-7
54
119
79
-71
111
43
85
13
117
-35
90
18
109
123
-77
86
-47
-49
-54
-70
84
49
90
-83
49
-67
113
72
-27
88
-42
102
-74
126
23
17
-17
-46
-89
124
88
-113
40
54
-117
37
69
87
17
-98
39
3
61
-68
-85
-119
-124
110
-28
24
-8
91
-75
-76
36
113
-75
9
57
-26
37
43
-28
72
-85
9
-68
106
-68
-70
122
102
108
-107
76
-80
-103
-85
-39
24
69
93
91
40
-99
-35
58
-89
37
-36
1
26
68
-27
113
-98
-70
-67
100
104
15
-82
42
28
-17
-120
55
127
38
112
-53
111
113
107
87
82
-53
114
-47
82
-125
-54
-101
54
-27
-60
-23
-61
-31
-13
-97
88
-36
6
-65
13
101
36
-4
-40
13
13
82
-113
-62
-44
59
13
25
5
-110
-10
-47
-99
-108
32
29
-95
40
-19
75
60
-81
43
-81
-25
54
67
86
16
-80
-37
125
116
-22
103
118
-79
107
-84
20
-89
117
112
82
-74
35
80
114
-9
-83
103
15
74
-54
123
-65
-50
-71
116
106
-61
54
109
-11
91
-92
-111
-53
-40
-44
-43
126
-46
-77
77
-72
0
73
-75
110
-98
99
-75
-38
106
-37
-97
106
41
116
-12
-120
41
-28
-7
-110
-114
-107
12
-64
-67
14
-77
-28
-69
47
-121
2
-48
-103
-95
-108
-14
66
-97
-23
-88
-84
113
4
38
-84
43
50
110
-60
26
-49
-16
-92
110
-94
-71
-95
-16
-99
-85
87
47
121
-57
33
40
126
-83
-52
-50
18
-85
56
16
-48
108
-83
13
-97
27
4
-11
74
-51
108
-88
38
-86
49
-50
-77
-34
121
-94
65
-81
-14
-23
19
-65
15
116
30
-7
-27
26
58
108
25
-32
-75
-106
68
-14
-122
-47
63
-59
-128
-7
-122
-1
-11
118
87
111
65
-89
77
-81
-65
88
-64
11
-84
-123
111
0
-50
-112
-87
-25
90
-54
-80
-7
-58
-31
-35
-40
-32
35
-7
14
-83
-16
-44
-84
-23
32
104
29
102
9
114
-76
-49
-120
-47
93
23
76
-61
126
-35
84
-79
5
95
102
21
-121
126
-24
-14
88
37
-116
-126
70
-115
70
-32
-31
40
-36
-38
94
24
69
1
83
105
-119
78
119
55
94
127
69
-35
111
28
-87
-58
60
-12
-48
38
-52
58
-6
-9
88
60
-4
59
-76
22
15
-40
-42
-40
-59
-62
19
-96
-68
15
60
-77
44
-90
41
-46
-86
117
14
47
-5
-21
75
-16
77
-11
106
14
30
-50
-74
-77
-51
-109
-68
101
56
54
-40
-99
-61
-70
5
25
-39
-97
15
123
-1
-110
116
-42
-79
43
109
-3
-49
-62
-121
-100
23
-97
126
13
-99
15
109
-48
-68
-57
-14
81
-125
-128
7
-103
1
-80
-3
104
50
24
6
72
13
77
107
-61
23
45
93
94
-7
-47
17
14
-52
-85
30
49
123
-64
27
23
99
-127
35
105
41
85
84
-50
-50
31
27
70
86
121
-106
83
58
62
-56
68
-93
58
103
57
-66
12
81
-13
16
67
-49
58
90
-46
-111
18
26
44
-111
74
4
27
103
21
-116
67
112
-93
79
-38
-26
-39
43
112
109
126
19
24
-64
-121
-110
-116
98
-20
-91
-32
67
-76
-93
-83
36
-75
-35
-39
21
117
-27
-35
-108
-49
-125
112
72
10
-28
39
56
-12
53
25
87
-82
-109
3
-110
-105
78
44
38
-68
28
-71
5
-103
47
25
-79
-1
-42
29
-99
-60
-87
63
-82
66
-82
-62
-37
-58
104
-71
-50
-70
-113
-119
-117
94
-47
46
12
18
-104
29
43
-62
-60
-39
69
-81
91
-45
-83
27
-25
-27
57
-92
-15
103
-45
79
55
-120
111
12
90
0
105
-106
125
-27
-80
-67
-102
-76
35
85
122
-10
-101
-36
5
-39
-23
80
91
66
-72
81
31
5
80
42
29
103
-16
-95
-1
11
-12
-43
-62
77
67
-125
41
102
-59
20
-93
-117
-100
122
3
-117
8
44
0
-22
-98
5
16
70
-9
-108
76
-120
61
6
30
-22
-73
-52
17
127
103
-111
33
-72
97
11
107
13
116
-78
63
-46
125
-115
-64
49
-83
-37
-39
-32
100
127
68
-25
88
-102
73
121
90
40
33
90
67
-118
104
55
-75
4
103
78
76
110
36
15
103
61
94
10
-89
11
-127
-113
114
0
70
-85
106
-124
2
-17
95
-6
-103
70
-19
-88
-4
-14
-36
90
99
81
-123
50
-98
-12
110
32
33
81
-15
-77
84
50
-56
30
104
-13
30
-2
-74
76
61
112
-6
-66
16
63
-105
-28
99
124
-57
-76
14
102
-104
-102
-44
44
0
-35
-101
42
6
-118
-109
-97
-40
-69
31
114
-62
-66
-90
108
-21
19
-123
65
73
-98
71
-30
-90
-4
-46
67
-36
107
-59
-2
-14
60
5
-51
-48
126
-41
-100
-99
-1
-15
22
-100
-88
-31
11
-65
-116
37
67
66
94
91
-12
-106
36
14
16
-49
-13
-49
45
36
-107
9
-33
84
41
76
-35
-83
3
-77
124
-105
-105
122
-48
30
31
59
-108
57
98
36
-26
127
-39
84
37
-78
8
-12
5
-125
7
-104
-102
-65
49
10
-98
-75
-85
98
98
28
-44
108
89
-128
-98
-52
9
97
-28
-41
103
30
12
-81
102
93
51
-20
-47
-101
111
-99
-96
-48
-109
-28
28
-24
73
7
-87
-74
-73
86
64
71
69
-14
-49
119
18
-37
-2
-34
-1
95
-63
-58
35
-43
69
-101
71
12
74
-70
-128
123
-77
31
56
91
-25
98
-10
124
75
55
-38
85
-4
116
-19
-99
113
-126
-53
49
50
-110
-56
16
50
-26
-115
-62
-123
78
-33
-124
-29
123
-118
106
120
-31
25
96
-120
0
102
62
-102
-30
27
57
-15
116
-55
-47
-84
53
-55
27
9
23
90
-112
-78
66
89
-101
-81
-75
-2
67
88
-125
24
-72
-116
12
-28
-19
33
-127
14
8
-127
55
-90
-34
-54
-96
-59
27
-33
-123
117
83
83
-77
60
89
93
123
-71
85
15
-98
-36
78
98
-102
98
23
38
-37
49
-8
-109
-25
-27
77
-84
-16
-68
96
-18
54
12
-64
-40
5
45
-90
-35
-64
-128
41
-58
9
24
68
53
-45
49
6
-1
-32
-36
-81
8
-58
-38
-115
-25
2
-62
-53
-23
-79
98
-58
-123
-96
97
74
-84
3
-19
-109
-19
13
119
-63
-59
-48
99
-60
-47
36
116
-53
90
-110
76
113
-102
126
