67
79
80
49
1
0
16
0
24
1
0
32
0
112
0
32
5
0
0
0
5
0
0
0
5
0
0
0
2
0
243
0
48
1
0
0
48
64
0
0
0
0
0
0
49
1
2
0
49
64
0
0
0
64
0
0
50
64
0
0
192
10
0
0
16
0
0
0
36
64
39
0
247
153
13
74
5
1
1
0
15
1
1
0
0
64
0
0
0
0
0
0
1
64
0
0
0
0
0
0
2
64
0
0
0
0
0
0
3
64
0
0
0
0
0
0
11
1
31
0
12
1
31
0
10
1
31
0
4
1
2
0
5
64
0
0
96
0
0
0
4
64
0
0
3
0
0
0
6
64
0
0
1
0
0
0
9
1
128
255
7
1
0
0
0
1
1
0
1
1
1
0
3
1
1
0
2
1
1
0
20
1
65
0
31
1
2
0
16
64
0
0
0
0
0
0
17
64
0
0
0
0
0
0
18
64
0
0
0
0
0
0
19
64
0
0
0
0
0
0
18
1
31
0
17
1
31
0
19
1
15
0
27
1
31
0
28
1
31
0
26
1
31
0
21
64
0
0
0
2
0
0
20
64
0
0
16
0
0
0
22
64
0
0
0
2
0
0
24
1
128
255
33
1
2
0
32
1
2
0
34
1
4
0
46
1
1
0
40
1
2
0
32
64
0
0
160
64
0
0
33
64
0
0
32
10
0
0
41
1
2
0
34
64
0
0
0
64
0
0
35
64
0
0
160
0
0
0
37
1
0
0
38
1
128
255
39
1
127
0
22
1
7
0
21
1
15
0
23
1
15
0
36
1
0
2
47
1
0
0
17
0
0
0
2
0
0
0
48
64
0
0
192
10
0
0
49
64
0
0
0
128
0
0
16
0
0
0
36
64
39
0
77
188
250
86
5
1
65
0
15
1
2
0
4
1
15
0
5
64
0
0
0
2
0
0
4
64
0
0
16
0
0
0
6
64
0
0
0
2
0
0
16
64
0
0
0
64
0
0
32
64
0
0
160
128
0
0
34
64
0
0
0
128
0
0
47
1
4
0
17
0
0
0
2
0
0
0
48
64
0
0
128
21
0
0
49
64
0
0
0
192
0
0
16
0
0
0
36
64
40
0
164
154
204
67
5
1
65
0
15
1
2
0
0
64
0
0
0
64
0
0
1
64
0
0
0
0
0
0
2
64
0
0
0
0
0
0
3
64
0
0
0
0
0
0
11
1
31
0
12
1
31
0
10
1
31
0
5
64
0
0
0
2
0
0
4
64
0
0
16
0
0
0
6
64
0
0
0
2
0
0
9
1
128
255
20
1
65
128
31
1
0
0
24
1
4
0
32
64
0
0
160
192
0
0
34
64
0
0
0
192
0
0
47
1
0
0
17
0
0
0
2
0
0
0
37
64
13
5
163
140
201
96
38
64
11
5
0
0
0
64
36
64
48
0
30
107
114
65
5
1
65
0
15
1
2
0
0
64
0
0
0
0
0
0
1
64
0
0
0
0
0
0
2
64
0
0
0
0
0
0
3
64
0
0
0
0
0
0
11
1
31
0
12
1
31
0
10
1
31
0
5
64
0
0
0
2
0
0
4
64
0
0
16
0
0
0
6
64
0
0
0
2
0
0
9
1
128
255
20
1
65
1
31
1
2
0
16
64
0
0
0
128
0
0
24
1
128
255
133
1
65
128
143
1
0
0
137
1
4
0
8
1
0
0
128
1
0
0
6
0
1
0
48
64
0
0
64
32
0
0
49
64
0
0
192
202
0
0
50
64
0
0
96
21
0
0
16
0
0
0
36
64
39
0
228
10
27
90
5
1
65
0
15
1
2
0
0
64
0
0
0
128
0
0
1
64
0
0
0
0
0
0
2
64
0
0
0
0
0
0
3
64
0
0
0
0
0
0
11
1
31
0
12
1
31
0
10
1
31
0
5
64
0
0
0
2
0
0
4
64
0
0
16
0
0
0
6
64
0
0
0
2
0
0
9
1
128
255
0
1
0
0
1
1
0
0
20
1
1
0
31
1
1
0
16
64
0
0
0
0
0
0
18
1
15
0
17
1
15
0
19
1
31
0
27
1
15
0
28
1
15
0
26
1
15
0
20
64
0
0
32
0
0
0
22
64
0
0
1
0
0
0
34
1
7
0
32
64
0
0
0
204
0
0
33
64
0
0
32
20
0
0
34
64
0
0
192
202
0
0
35
64
0
0
64
1
0
0
22
1
3
0
23
1
31
0
47
1
2
0
17
0
0
0
2
0
0
0
0
0
255
255
