-57
46
-89
-52
-19
32
83
-77
-66
-113
-11
24
106
11
120
-24
-37
-80
-40
-65
26
-91
-123
2
108
62
30
30
-34
-5
67
10
-97
-109
-83
34
-80
81
-51
-58
-105
100
-16
-72
-91
102
46
75
114
1
25
-116
50
24
85
-61
-57
-70
-95
-99
125
-104
-21
117
-49
-74
21
40
-122
14
-69
-89
-38
12
114
122
108
81
-37
-29
48
95
90
26
-115
-37
-117
-3
-17
97
-11
112
-49
117
86
-83
37
11
-126
77
-38
-29
-64
11
-109
117
71
-78
-89
106
-81
42
91
108
-101
11
-127
-18
44
-45
-60
-50
46
3
38
29
56
-25
101
-12
-12
104
23
-53
47
50
63
9
122
-20
94
14
-118
-51
44
64
-4
-11
-11
106
122
59
38
43
-95
-29
-75
-115
112
29
-16
94
19
-127
-55
5
15
-100
127
22
82
8
28
-46
43
-94
-99
-51
-124
-59
67
-1
-120
-63
18
-79
-66
16
19
-79
65
-29
33
-56
14
23
8
99
-49
72
9
99
79
67
36
62
121
22
69
101
-67
122
115
52
-92
104
-99
60
-13
40
-112
-94
-119
-45
-63
-4
-91
7
85
63
75
-66
10
61
55
-92
-51
-20
6
-7
-91
66
-114
23
125
-1
-65
0
-45
38
-17
-90
-17
25
-128
90
62
45
123
-19
83
124
-120
-98
103
-105
123
-82
115
29
-97
63
-6
4
-6
-70
87
25
-47
35
113
-25
-51
-42
46
72
-21
-110
-59
63
-18
48
-24
-21
-126
23
95
-61
-86
-32
126
83
-17
-118
30
83
-5
-26
126
69
102
29
52
20
-122
-83
50
-104
-41
68
-116
-106
1
-123
117
-67
31
104
-108
-126
-78
31
-46
51
111
-77
-24
-78
-122
-12
118
48
-43
114
87
-69
92
36
78
-119
69
-17
-117
103
10
20
37
-36
86
8
26
-84
-17
9
40
-106
-96
-76
-118
-59
123
-112
-9
32
-59
13
23
1
-114
59
-47
-47
-93
-87
-51
122
17
-57
-88
41
-103
-28
49
104
-59
99
-23
70
-58
6
125
-101
23
45
-78
-30
-36
-52
126
42
-3
49
95
-33
64
-73
-21
125
87
-9
-64
71
-54
43
49
-125
93
-56
-80
-57
79
-41
65
-93
79
-87
42
-94
64
-23
-25
-27
75
99
-34
121
-49
100
-85
24
35
57
-99
-17
-16
52
127
-98
59
125
66
-9
95
-88
25
-64
-49
-105
37
72
29
4
11
29
-84
-34
-114
-9
89
-51
-116
-82
-40
17
-121
-44
-62
-61
-47
123
12
63
-32
-127
-27
-61
33
-67
-88
105
-83
68
-57
-9
-4
-79
-71
-3
103
70
-17
-78
-3
-31
-105
-112
-30
75
5
-48
-98
19
-48
-66
60
105
-51
47
4
99
59
-103
42
101
122
121
-73
-69
86
92
127
-76
36
-5
-31
-49
-45
-87
69
73
-3
-10
91
56
84
55
-32
-14
-116
-50
15
-122
-47
59
-116
70
46
41
67
49
-11
-19
55
75
49
-73
14
-87
76
82
14
-127
97
4
46
-95
-110
-34
-41
27
-11
15
-51
-9
39
-47
110
-99
55
-96
119
-79
-86
7
23
-3
78
-84
98
-30
55
-60
67
-100
-78
59
92
73
114
47
-67
-53
49
61
-116
-102
-46
116
98
52
-17
-126
-90
19
-105
105
-60
109
-64
23
88
119
-43
118
-42
11
22
61
107
43
17
10
-100
-42
-87
-105
20
39
29
-75
78
-101
86
-99
47
-58
39
-7
59
-9
-1
-125
73
108
81
120
60
-23
-36
-51
-60
105
-35
97
-118
-107
44
8
107
-80
-19
-73
63
47
-89
-83
84
31
-51
2
45
15
77
-78
-67
-89
-63
15
-55
-20
18
-39
-74
-23
82
-108
42
27
58
-65
-108
-4
-12
-49
111
-116
-122
14
44
90
-70
11
-124
-28
-114
69
103
-125
-119
-18
73
-125
58
-123
3
-122
96
-12
117
113
64
-86
60
-95
90
74
-29
56
102
80
18
-98
-34
57
61
48
-27
64
62
38
23
-4
-66
-77
-123
-61
-125
70
64
-6
-61
119
38
-44
63
-111
6
101
38
-48
123
-66
-1
7
-112
-2
-42
115
-89
24
-55
109
3
-61
-24
105
-16
-74
72
111
110
-45
-121
-119
84
3
124
55
-2
-128
109
-45
-16
16
-126
96
-86
34
-3
41
-69
-56
117
97
-25
-7
95
1
89
-94
22
32
53
63
30
27
-33
95
-119
-13
-28
116
-42
57
70
110
-17
35
92
90
-105
27
-102
-81
92
-57
75
101
44
-42
28
-46
21
-32
-9
-42
-10
-79
-7
117
89
-116
15
72
-105
68
112
0
119
96
-70
-5
-4
-23
-120
73
83
53
-36
-48
-119
72
48
-126
-70
98
108
-88
-17
-128
1
54
115
-44
122
-83
-62
-43
-32
-75
-25
-15
8
-49
28
-75
-25
67
71
-28
3
-70
48
66
46
-76
79
59
-41
58
59
-96
30
-101
119
70
70
125
39
-4
17
100
113
-11
-62
-117
122
48
62
54
10
-80
58
-88
-63
-37
33
109
120
-88
49
-26
-43
53
-41
31
21
65
-30
-91
-77
104
-120
-81
27
-38
60
57
109
76
-90
-78
-73
34
-116
23
1
47
87
-75
40
-28
-36
-127
124
-102
2
-3
-91
-113
11
-32
-45
-57
-18
122
-97
-124
48
-10
123
47
19
21
-118
-86
-126
-71
-112
-35
-20
-108
4
-92
16
-95
126
-56
54
-9
22
-54
65
-126
-71
38
-93
-106
-71
122
-3
58
-48
10
-93
106
41
-103
8
-39
3
107
-96
-29
127
-17
89
117
-14
10
-123
-43
7
-40
114
80
-9
-45
-128
-100
116
64
8
12
-32
61
66
-5
-1
71
69
32
-107
-34
77
67
-86
-65
92
-89
32
78
-84
32
-112
-101
99
-24
-98
-41
11
95
37
11
47
-85
89
21
-104
-37
98
73
-116
-86
-72
112
45
97
-13
120
-126
-54
-127
-19
-100
125
8
90
-43
-67
108
-128
-100
-18
18
90
-22
-20
-28
-94
-36
-43
-122
20
-93
47
-34
33
-18
-123
-78
-4
-76
-12
93
-53
2
-5
-45
0
-32
-60
55
120
18
77
91
17
66
66
40
13
86
-76
-69
-97
28
-53
70
-18
-2
-78
123
65
-116
-110
109
-106
-47
-86
-72
99
62
-3
-119
45
100
-88
71
-20
-15
-33
109
126
-78
-67
-56
66
-5
-42
-9
89
-16
114
-41
103
33
112
52
-74
25
-116
-101
120
-115
-17
120
-65
-32
116
94
-82
98
-42
119
40
82
88
6
54
-40
-43
45
-58
54
109
-97
19
-115
117
33
113
-51
78
-92
-120
-125
9
-6
91
-67
115
77
-106
116
-93
100
78
123
-17
-42
-111
67
67
78
24
-72
-7
83
-100
-12
23
9
-116
17
-65
-109
0
104
-92
-119
-114
86
-83
-6
-48
127
-127
58
-3
-114
-29
-111
-49
56
-19
-120
85
-19
22
16
127
-108
57
61
44
13
31
-48
-70
-48
103
60
-11
38
37
-13
124
-24
4
-44
91
126
-65
-46
112
-1
-20
95
18
3
-106
-45
-74
78
124
-117
-87
35
-21
-94
65
46
-93
37
-50
-84
85
27
-24
19
81
97
90
75
-82
-76
-77
-49
32
75
77
-82
97
-72
-89
-63
101
-40
51
46
-42
-14
11
80
46
-34
81
120
10
-63
-91
75
-94
-77
-22
51
-71
14
-58
30
59
80
117
26
-28
-84
-78
-104
-75
-78
-111
-65
123
101
28
108
-40
117
49
-9
69
-16
3
64
53
112
112
-76
-8
108
7
-107
37
-6
47
85
-105
-84
41
-23
39
15
15
72
23
-49
74
-117
-121
-19
18
30
-67
50
97
30
-43
-37
-56
107
38
-101
-63
70
-10
-17
40
92
-64
-25
-54
92
83
-123
-73
-100
54
-80
-31
56
35
-17
-107
-68
127
-3
50
117
-121
57
53
-14
-119
-44
1
-57
99
-124
69
100
58
-20
-46
-43
75
-107
-51
56
-116
-43
-87
8
-50
70
51
-24
43
-42
57
31
80
-90
88
120
124
-30
-29
-49
-125
-109
-8
125
10
91
-80
-35
24
35
37
48
24
29
47
125
108
59
29
7
-128
-25
-85
-104
127
21
15
91
-19
-127
-92
63
79
-61
57
34
-123
-113
-121
-51
-63
-3
110
127
98
-31
83
74
39
82
-73
106
-37
101
-60
-121
35
60
27
126
51
107
-10
-75
-47
-127
117
-94
21
-43
-56
34
-98
25
-2
-53
-79
125
-7
22
88
13
-28
-31
30
-31
82
99
-80
7
13
43
-41
-98
-15
81
-64
114
88
42
120
83
103
60
109
-15
22
-7
82
65
-126
26
127
-38
82
94
73
9
-122
-127
97
11
-45
-76
126
64
-50
-78
64
-34
40
8
-38
-63
118
47
108
-47
-55
-102
17
-122
-39
-42
-18
-114
120
-27
53
-30
66
112
-12
60
-80
109
-23
-2
-109
40
79
-128
-6
95
-24
121
102
120
56
-23
-30
-60
118
-61
15
-122
49
-53
20
-62
8
83
-28
111
-56
95
-38
34
21
-109
-117
-109
81
-87
-44
117
-94
-29
-43
37
125
-110
84
110
-92
-81
-128
-123
-40
75
-9
46
62
9
117
-75
-1
-102
84
61
-35
35
9
98
7
-13
-93
-24
-68
-16
80
-24
-72
-108
-37
89
110
-111
62
3
-94
-128
-43
65
-38
47
-43
-74
-10
-84
-72
73
20
11
-62
74
-31
91
118
-69
100
-9
-68
-35
116
-90
-119
-65
-20
79
49
81
-109
-86
89
121
120
37
-7
-14
106
101
-109
32
-17
52
-52
-102
10
7
94
90
-112
103
75
-16
-74
-4
-29
39
2
123
10
-119
-49
126
9
104
-66
3
33
2
-15
-57
-10
116
61
-7
-57
-92
-31
79
66
92
-36
-83
89
-90
-44
8
-12
22
17
3
-2
103
102
-90
28
-124
-80
115
-37
-95
22
37
-80
17
-14
-121
-49
41
119
-87
35
-88
49
-101
118
-72
-111
112
-95
65
94
11
87
124
-69
58
-84
-71
36
-74
-37
124
12
-4
-92
109
29
15
-36
126
-48
-40
115
56
42
-12
-40
-24
-22
95
101
99
-117
-15
-98
-2
-6
5
-24
-103
-94
61
-36
-29
122
-98
-111
12
58
-23
79
42
39
112
-21
117
-8
60
-27
81
-12
-56
71
-30
50
-5
93
-52
49
10
-93
-108
112
108
-2
52
-92
-49
-102
87
-69
36
-128
57
-24
63
105
125
90
79
-128
76
-33
-31
85
-122
28
-6
-74
121
-9
49
-79
-107
-75
-100
-101
28
70
-54
-88
103
-122
107
-75
13
-113
-58
-26
80
-52
62
-122
-32
76
-100
88
-118
-77
83
-84
-85
118
-10
-48
94
-60
4
109
100
6
41
111
1
-86
-101
75
40
74
-33
11
-107
-110
-18
-90
119
23
-53
-72
14
-29
-22
122
111
-107
-69
-113
109
102
-36
72
-38
-35
78
32
60
-8
-62
66
17
43
17
-41
54
21
105
-17
-83
104
82
118
45
26
-29
-45
-1
-44
-79
80
-46
22
-28
-94
116
122
118
19
100
-70
-60
112
-51
-61
46
30
-15
98
51
-115
12
103
82
22
-73
47
63
74
109
43
-85
125
22
-65
0
83
112
-46
79
-61
-36
-29
-94
-66
22
46
43
-74
8
-97
110
-79
110
-109
115
65
6
-103
-89
-35
-55
100
2
16
54
-60
-52
25
97
-95
8
93
-117
-7
127
-72
101
22
26
85
-23
-10
33
112
9
93
-51
-60
81
-110
18
-66
-74
-7
70
-119
23
-43
-61
-76
48
-94
-5
-3
83
83
2
-72
-18
-55
43
73
-31
-92
29
7
-11
107
42
-102
62
109
37
-124
99
-32
-36
124
-112
-33
13
43
-53
107
59
-23
-118
-127
-10
-109
-5
112
45
96
-46
-100
-74
-56
-45
95
-42
111
34
-38
-19
-114
-82
58
-25
-4
9
-73
14
-75
88
-41
-119
5
-79
113
-16
92
-119
-15
8
108
-38
-98
-15
-126
38
103
67
20
-50
-12
-38
-105
-26
113
124
31
62
73
-61
-53
-19
-93
-82
-4
-103
38
-92
5
-57
53
16
74
116
-1
-18
40
-89
-125
-122
83
-109
82
106
30
-107
117
-48
-75
-1
85
114
55
105
21
39
10
11
1
-67
-127
-72
67
110
96
-124
-13
-4
76
22
37
20
24
-100
-43
55
-75
125
-9
-78
-5
119
-123
-46
35
124
14
96
32
-94
78
38
26
-75
-100
-36
102
-112
-14
-4
25
65
74
117
-112
49
4
-113
-50
58
23
-112
-83
27
83
-41
45
91
4
-21
58
69
-38
-89
-113
-41
-8
-91
78
-17
123
88
-90
-33
74
-105
-66
-94
66
99
37
73
-11
54
-44
21
57
46
11
-83
6
-33
-118
-46
77
63
-2
2
122
-114
-52
115
42
94
24
-68
-128
-86
-45
106
-5
83
-49
-22
96
-46
-121
89
-12
-112
61
-45
12
124
72
-104
12
94
65
109
-35
119
70
39
-57
87
100
-118
-101
-53
-94
92
61
-15
45
62
-60
-46
-79
-128
84
-75
-17
-128
-103
84
23
37
92
-121
65
13
72
66
-33
120
-21
78
0
31
-87
12
-107
50
38
-9
112
107
-52
31
-3
-97
-72
-30
-1
-34
-74
125
27
63
51
-17
-38
8
18
-36
-8
-90
26
75
-90
-94
64
-116
-39
-105
-28
27
73
36
-65
38
-111
-9
73
-103
2
50
58
88
-39
-115
28
-47
49
-60
95
-110
-56
33
-40
-62
111
-25
45
102
-54
36
-92
-122
121
-45
-123
107
-15
99
-70
11
-67
-121
12
-104
107
67
103
-5
21
37
-127
53
37
78
111
-29
-89
108
-58
-6
68
2
26
-38
-44
-29
70
11
-80
-53
-50
-14
-82
56
14
22
-59
5
34
-91
-14
0
107
2
123
13
-60
-105
-43
56
-123
16
-120
123
-105
75
111
-49
-110
-24
81
-44
109
-96
-99
19
64
22
-92
108
-73
87
14
-119
-68
-86
-59
-117
66
-51
47
40
-25
4
-42
96
-62
112
28
-63
-55
-46
48
90
6
-91
-3
124
18
25
-99
-127
-31
-35
-74
37
-78
-70
-119
50
5
-25
31
83
-83
-39
-76
-79
-101
-11
54
-9
-119
21
70
84
50
95
-45
-40
109
-89
-9
-31
-77
62
-102
-27
-15
82
9
96
-27
103
-70
114
-117
58
38
75
-34
66
-121
-85
-72
70
59
-62
-68
-11
49
-5
39
-128
-19
-28
-3
-98
46
74
6
-5
83
118
-122
85
22
86
-17
78
116
-107
-117
-6
-48
-116
119
-19
56
71
-126
-80
13
-100
91
118
17
42
-2
-70
48
-89
61
-33
78
-100
-9
114
11
-121
88
-92
38
-90
71
12
-84
21
-104
-50
-75
35
-125
83
111
-127
18
77
-98
-67
-44
-47
-94
-107
-105
-67
121
-58
74
-11
31
24
-81
-99
-76
-25
-51
19
126
-9
-77
-45
-18
-74
-9
-19
-39
-44
-22
-78
27
-124
-97
-112
14
-53
0
-104
72
-10
116
-122
-17
46
85
37
67
85
-9
-1
-91
33
-73
48
18
-18
119
3
-90
-3
-110
-11
56
-127
6
-58
92
-7
-55
-106
-38
57
-94
-40
-88
-8
76
27
-12
-47
-100
-90
27
82
-41
-34
-121
109
-72
-100
83
47
6
126
74
87
82
-116
99
97
-29
-102
82
11
-57
2
-25
-25
10
90
-104
-117
-113
-32
57
89
70
32
109
-78
78
-39
-122
4
-113
-42
-69
29
-46
58
-58
110
-102
16
-120
21
-64
-91
-75
-39
78
15
123
-56
21
-99
-108
-103
-66
77
35
-36
64
101
-43
97
-72
127
110
-115
-127
41
76
-82
-29
75
-13
-57
125
-37
63
61
-63
-120
58
-19
-90
8
-116
-115
107
106
-93
-32
99
-50
-86
-91
-120
122
34
104
-88
88
-5
-14
-60
-109
33
-103
-103
114
-36
-85
-27
24
26
79
20
-10
-3
28
-37
26
-107
-83
29
-48
-32
-75
-30
-20
-88
73
-97
-70
116
-61
52
25
-127
108
-61
-29
-102
-86
37
92
-58
127
27
-43
-56
60
91
52
-108
28
-112
95
109
37
35
-117
98
39
66
