188
102
91
243
178
32
141
145
217
224
57
93
102
89
190
137
31
184
31
20
179
68
140
238
42
96
199
249
43
5
104
243
44
174
120
231
254
31
92
91
208
2
87
204
4
41
67
25
151
148
37
78
31
193
6
22
63
148
184
218
134
31
219
142
26
61
146
142
249
147
176
37
52
164
78
26
181
133
230
86
123
144
49
252
119
71
42
163
67
97
227
205
22
137
249
51
214
27
112
87
105
12
66
174
98
45
136
105
106
6
159
146
95
115
131
169
156
72
152
210
205
38
36
134
117
255
251
193
107
79
28
127
162
124
120
188
77
228
165
33
92
206
25
7
80
246
75
175
22
214
187
241
101
80
226
7
71
67
152
209
151
103
120
10
21
25
15
32
90
85
212
239
231
28
26
188
242
177
208
204
68
173
56
104
75
19
46
192
161
245
85
156
176
180
178
80
41
176
68
8
222
217
115
43
80
108
69
39
97
249
178
192
15
63
252
79
101
108
183
240
237
105
73
149
38
3
209
232
79
179
129
221
142
137
243
80
14
151
10
135
119
239
84
156
252
151
224
166
252
131
107
239
103
213
41
179
97
249
228
101
246
46
103
82
53
194
135
1
160
148
149
79
162
77
62
12
150
225
1
252
13
8
191
163
89
49
241
40
127
174
22
136
112
50
188
195
229
11
192
37
96
246
85
115
94
234
215
132
33
152
20
184
187
149
146
69
45
36
160
80
60
67
76
63
217
41
246
235
62
83
102
75
50
63
242
163
31
54
215
246
177
143
189
156
95
63
251
153
195
206
234
211
112
129
147
115
109
13
26
156
85
98
164
51
205
12
41
187
134
20
6
223
206
221
61
250
6
151
104
146
235
236
59
15
119
189
98
36
103
150
194
100
89
31
255
169
89
44
25
57
237
214
104
151
196
243
63
62
118
94
124
57
180
120
179
251
183
77
9
170
246
221
199
13
52
87
106
11
67
85
85
236
143
117
63
106
253
210
166
14
135
241
149
189
141
12
222
72
217
106
205
56
121
121
208
168
232
144
236
30
56
19
114
180
107
103
62
59
132
173
25
128
225
128
148
79
47
152
15
108
131
184
131
84
152
254
47
158
213
157
204
107
46
102
195
46
234
146
27
157
176
219
132
121
134
165
106
240
159
235
85
250
77
155
246
155
126
217
251
43
174
159
161
129
62
199
230
60
101
80
237
251
168
141
174
17
74
103
99
104
154
246
115
234
25
220
49
61
167
252
197
89
24
106
249
57
58
203
203
59
142
35
38
248
208
36
169
125
12
193
246
46
183
187
198
8
108
223
85
81
169
60
222
252
254
217
124
51
185
141
183
37
129
125
133
206
53
73
88
140
71
30
10
12
17
188
175
182
103
34
143
212
118
212
213
184
24
55
4
195
126
173
158
236
60
95
219
201
139
99
206
251
190
240
25
222
125
132
118
72
35
215
89
211
68
202
243
129
187
63
248
91
59
75
254
244
67
193
80
67
203
209
24
221
155
177
119
187
56
140
165
42
183
140
134
58
39
2
53
77
45
70
218
244
186
87
242
123
169
36
170
48
96
186
88
7
51
118
127
137
30
158
206
0
142
207
49
175
243
41
185
1
224
200
223
85
202
77
192
173
199
122
216
88
127
145
210
132
168
133
17
241
44
209
218
10
6
211
199
80
52
225
6
107
5
122
164
133
92
78
6
21
13
208
71
81
11
123
191
139
47
112
26
5
208
124
96
40
58
75
165
175
179
217
124
19
72
200
87
0
97
215
96
136
216
39
211
152
178
247
60
93
194
40
155
213
66
200
222
228
110
83
89
149
209
182
182
173
37
103
84
241
2
173
23
224
125
82
78
77
109
202
244
69
8
223
195
110
81
241
226
187
155
190
2
73
73
24
10
131
27
34
24
121
37
131
237
4
138
13
68
89
130
178
123
249
244
40
196
110
254
152
78
137
194
252
189
191
217
237
59
230
176
168
13
247
222
209
239
97
42
113
168
100
194
131
84
25
202
33
205
218
215
233
232
128
146
152
62
69
143
230
122
67
128
33
0
90
223
223
68
153
139
218
226
6
207
89
222
134
247
32
67
219
103
135
175
181
230
8
23
45
189
219
252
244
75
96
253
124
184
140
37
208
211
157
98
196
37
108
109
183
118
139
231
92
158
21
80
122
25
15
57
233
39
47
210
38
95
20
113
118
166
100
72
184
174
93
81
72
226
34
89
86
203
154
191
91
215
183
144
27
38
83
28
70
117
60
121
1
21
17
179
45
216
118
58
247
25
206
55
62
90
189
76
141
13
89
165
49
142
71
203
18
135
251
202
33
8
178
165
4
97
1
172
15
63
175
147
194
163
234
9
138
251
219
61
35
23
76
240
21
2
166
213
87
166
95
131
220
197
42
235
241
119
95
201
57
36
118
175
206
223
146
204
138
219
162
92
235
112
242
230
117
113
167
38
118
216
91
18
159
82
182
228
193
2
129
236
145
14
12
75
85
129
168
207
41
64
109
108
28
244
106
130
135
106
50
147
121
9
218
80
140
231
39
194
53
57
195
203
210
38
227
190
57
91
114
174
77
109
0
209
72
116
252
210
164
204
215
194
166
82
239
170
114
155
123
147
226
255
199
84
2
26
42
54
145
138
208
40
147
39
206
234
229
30
56
79
11
141
193
229
56
142
62
54
112
90
120
116
22
182
205
204
194
101
74
25
35
2
41
237
234
91
152
164
86
66
158
59
188
185
38
142
241
149
2
193
128
179
250
101
140
98
36
77
71
59
221
135
85
145
159
15
112
16
205
70
205
96
74
215
229
255
198
38
197
97
79
217
112
192
96
149
71
32
131
242
75
103
88
74
182
112
114
152
113
209
128
116
221
54
3
42
251
123
142
54
195
192
194
250
125
33
251
67
242
8
210
94
13
130
134
57
29
251
223
165
86
203
39
225
65
236
30
65
28
249
80
213
28
6
194
205
199
160
185
200
37
178
27
241
247
225
204
9
127
51
53
244
89
222
167
79
165
49
105
91
36
48
254
242
175
9
137
127
189
50
207
209
114
112
151
169
53
27
109
241
42
192
14
65
77
243
164
174
217
28
239
203
67
93
90
80
55
43
201
149
32
38
84
191
226
251
249
171
75
243
198
85
217
212
228
52
2
12
85
92
131
137
158
44
119
79
192
21
109
126
50
60
115
156
235
36
141
213
113
202
205
236
0
151
156
90
216
121
170
30
255
99
170
246
198
43
49
140
42
100
94
143
245
218
194
238
122
71
71
124
100
226
229
191
153
91
176
223
202
111
140
80
77
40
12
233
94
183
229
249
243
98
180
0
132
214
156
250
246
193
168
42
133
205
152
99
111
180
57
112
70
149
115
6
237
201
28
239
252
184
116
73
202
126
133
100
208
231
0
108
222
169
149
134
122
38
26
47
192
235
166
231
117
244
153
232
19
197
196
167
251
18
134
43
41
50
57
102
188
127
140
0
214
9
215
90
54
181
173
234
103
109
45
35
215
89
178
25
150
122
53
163
156
38
136
227
205
85
207
208
109
4
152
189
164
246
254
171
229
85
104
9
56
244
43
114
189
194
180
188
41
56
122
126
63
67
143
234
109
94
224
45
129
48
175
185
186
90
125
220
192
10
24
81
99
58
205
171
238
41
242
112
70
50
72
239
3
43
231
40
247
32
7
58
22
129
234
206
22
157
93
146
117
39
228
199
75
248
197
111
130
93
111
55
63
154
104
103
108
133
207
188
41
89
150
76
203
87
60
154
102
255
103
107
205
61
27
227
220
34
172
11
119
24
6
52
200
101
85
238
196
117
47
11
216
199
174
0
73
114
56
16
48
4
237
203
199
18
13
79
67
190
148
97
97
234
164
112
217
187
180
92
57
107
105
57
162
206
46
23
227
216
73
85
173
40
126
49
231
222
64
53
215
227
203
2
245
142
20
18
189
196
18
153
161
65
33
104
84
147
19
182
206
145
185
86
248
230
100
142
226
109
220
211
75
69
200
28
200
212
58
1
192
177
84
185
140
210
149
3
69
219
204
197
49
98
152
124
0
245
240
64
170
63
69
2
194
202
3
208
14
19
1
221
59
182
126
56
47
88
202
92
56
80
11
211
9
150
186
188
129
52
65
177
191
165
115
103
67
81
198
224
158
121
250
87
44
153
108
225
40
46
191
53
254
151
143
161
175
219
131
52
68
226
50
224
121
165
248
145
46
171
249
220
96
157
201
52
73
217
171
5
86
143
13
197
95
125
38
122
124
155
142
40
111
107
70
147
0
253
1
234
68
129
152
253
35
20
51
248
216
111
153
190
241
133
18
163
207
255
129
73
31
60
97
160
212
164
158
98
89
11
110
229
47
89
69
232
130
88
124
158
179
224
44
35
184
190
122
124
41
101
108
59
45
180
12
84
49
243
213
249
168
2
112
104
92
181
56
120
102
187
147
240
77
28
68
86
198
175
77
249
217
101
247
87
64
101
93
3
195
82
187
130
237
90
22
103
25
234
119
5
255
219
158
242
111
167
148
35
130
168
116
229
87
180
82
35
38
109
29
173
37
60
237
102
218
41
200
132
190
20
77
193
12
44
233
61
216
52
172
127
61
109
62
66
155
57
167
74
227
184
243
114
25
120
45
148
23
182
9
138
188
84
181
35
227
9
223
152
12
162
211
88
110
45
243
192
210
126
30
149
111
132
93
231
101
42
188
165
8
210
141
110
118
35
210
113
32
109
149
54
172
111
132
230
21
134
86
6
31
64
96
173
94
168
211
19
40
161
90
48
62
225
213
117
110
254
155
142
243
243
19
234
80
59
53
167
243
123
94
19
201
119
254
157
27
229
162
41
78
220
73
33
165
216
135
6
28
229
2
223
0
48
230
126
146
197
239
28
85
239
220
35
138
11
14
165
105
128
39
209
204
119
149
157
219
114
213
227
92
153
214
45
21
75
193
0
53
132
160
131
123
244
33
17
76
11
44
26
239
162
59
28
57
46
84
142
238
3
116
100
222
81
1
50
63
109
10
115
107
118
242
131
249
73
215
205
80
225
244
102
24
225
243
58
69
218
202
106
28
128
60
83
122
174
167
27
101
94
108
228
161
176
176
201
128
173
179
51
34
250
49
125
156
6
109
68
223
118
110
23
176
192
36
143
68
253
10
10
6
141
112
191
86
32
47
183
7
225
87
160
153
127
176
116
22
215
67
208
69
101
52
234
202
171
137
253
206
82
40
97
222
108
18
187
55
49
52
21
235
110
82
30
2
213
49
142
238
218
206
75
69
156
219
224
43
90
80
255
255
173
93
202
21
142
95
49
231
177
117
231
234
89
117
77
146
38
109
109
201
169
123
162
114
180
178
204
206
68
69
140
64
235
145
136
234
251
21
160
148
104
50
63
65
153
24
25
255
59
162
98
183
111
74
161
252
192
42
180
153
223
83
106
77
4
35
54
130
38
100
246
156
28
222
254
135
176
130
170
19
214
7
209
242
53
42
137
255
229
130
198
200
223
97
24
132
95
229
56
185
178
76
133
119
1
26
155
214
226
37
29
142
103
104
120
60
243
209
189
32
61
29
1
42
77
19
125
127
71
100
6
104
210
99
33
54
14
71
111
46
237
57
26
20
181
199
236
155
218
235
71
129
138
143
123
31
11
93
37
233
6
48
139
40
149
142
150
173
176
151
205
21
168
21
42
223
201
233
103
246
25
110
195
32
54
24
75
11
6
252
104
177
246
111
158
168
196
238
206
13
119
81
101
238
19
27
221
181
235
58
36
188
218
17
35
238
252
241
32
181
20
149
238
119
48
103
32
248
74
162
251
96
8
186
46
106
198
156
112
126
226
61
197
64
119
29
95
169
177
247
214
111
41
113
222
128
116
26
37
245
129
102
237
175
1
231
97
46
54
104
178
149
218
39
106
182
170
27
24
47
21
153
134
41
4
13
33
175
32
21
31
148
212
106
194
92
13
76
184
91
176
227
73
189
178
126
235
109
14
101
40
164
216
205
243
62
62
191
219
133
168
87
46
198
146
177
201
147
242
31
192
168
98
85
79
91
135
247
112
120
32
180
132
195
4
88
201
71
214
88
31
35
144
132
152
216
162
111
214
58
244
231
171
111
17
27
144
197
53
76
138
32
144
233
102
116
96
123
83
189
211
227
116
101
206
250
136
255
111
129
53
64
251
219
252
16
65
11
49
15
40
56
116
76
238
42
20
203
80
224
135
132
243
251
178
74
232
250
44
128
173
9
244
42
21
66
213
25
87
226
244
195
239
122
213
65
98
154
208
157
213
103
176
175
192
7
129
48
133
157
112
56
64
83
127
105
241
248
214
175
95
132
253
45
201
245
154
83
138
227
241
84
80
54
70
171
247
251
212
30
58
135
173
17
173
77
135
120
251
47
3
157
149
158
53
59
6
52
220
189
63
162
66
151
67
174
160
118
63
133
34
148
121
60
213
121
82
165
189
140
43
18
55
204
131
2
127
53
123
80
16
182
21
55
100
213
14
24
172
163
43
152
250
93
188
122
91
62
167
117
123
234
236
8
216
135
167
209
243
224
77
207
127
181
159
68
193
207
252
14
81
249
201
98
172
9
119
40
188
38
210
23
53
57
161
26
211
127
26
146
53
181
42
37
1
191
93
83
22
31
111
74
190
189
131
100
215
147
132
70
230
146
46
154
46
31
85
9
183
49
250
163
188
130
21
116
175
154
91
170
134
190
61
205
0
224
103
205
234
26
7
18
186
102
252
107
47
221
231
41
83
48
230
55
158
209
151
204
171
45
26
165
101
166
5
33
143
166
79
196
170
30
174
205
89
235
43
82
98
193
14
128
196
148
52
239
39
188
217
11
70
69
1
53
211
165
65
252
110
114
18
88
206
141
130
146
222
191
118
75
192
221
61
192
7
192
202
210
142
113
35
81
