-70
-7
-23
91
-94
75
11
-5
-115
-114
-57
115
-83
114
24
34
40
15
65
-33
-27
-89
-24
-73
-40
-49
52
-97
58
51
101
-54
-91
43
-16
13
-36
-68
9
52
20
-65
88
104
-64
50
31
-38
-40
7
-72
44
25
-4
-110
40
-21
10
-89
81
11
-27
-100
59
114
-113
-87
-100
63
43
-70
17
115
-9
65
-56
-115
8
-47
-69
2
-94
-109
9
-85
-68
-65
2
113
35
123
-51
-86
79
-84
67
-9
52
-48
-41
16
7
-27
-6
-112
62
33
36
85
-102
98
61
127
-122
116
-11
-32
110
-50
34
16
18
57
-14
54
23
80
-26
-115
-52
75
32
79
124
-29
35
48
-106
-93
-81
-64
57
-2
-71
87
-22
46
69
73
35
-67
-46
-8
-90
53
50
-51
103
-89
-74
64
-53
51
12
-28
-61
-107
-108
-19
1
85
48
-1
103
-26
-120
15
-100
95
59
23
-93
26
-62
28
9
-52
-51
-63
26
66
-127
-39
116
3
-36
-24
-117
-114
-49
16
-55
-75
113
-99
-20
-128
-116
12
11
25
99
-44
-116
-58
-32
-40
-91
117
-96
59
75
-36
-127
-42
-106
-60
-7
-62
95
41
124
1
71
124
106
-8
-77
-101
42
89
58
-101
112
63
-30
88
-46
55
76
119
12
36
-103
-95
72
-81
-73
-20
34
-31
95
-28
6
-52
-58
-4
112
70
127
-69
-15
12
-49
23
-15
-9
121
-85
53
7
25
-110
-16
-18
55
92
9
122
-99
58
-83
126
54
-86
-93
-112
-32
-69
42
-97
94
89
1
75
104
-43
-74
-32
27
92
40
88
-66
-100
-10
-110
56
-96
-77
34
-60
38
56
-54
-1
98
101
-60
59
-46
-15
48
92
56
-65
-117
90
15
-41
-110
71
105
-92
-66
-101
38
-108
-68
-36
54
-121
17
-89
107
-21
-8
89
-45
27
-43
75
-112
-122
-45
-10
103
-72
15
-1
111
27
63
11
35
120
-4
123
-100
-122
-91
45
88
110
25
-43
114
-122
-31
95
-83
-66
91
103
-120
33
-42
-64
-123
32
-125
-59
-19
120
2
27
-65
104
-26
-47
-53
113
-109
-124
113
-122
-69
7
-70
22
-105
77
8
10
-51
34
-71
98
99
1
-67
-73
-14
-126
26
15
-20
-76
-92
-86
22
20
14
-58
21
74
-74
78
-23
52
120
23
-63
49
-118
-90
-79
114
-124
92
-58
-97
-91
-121
-84
-41
-60
-98
37
-104
-2
-77
16
95
-120
-111
45
102
-37
102
116
9
87
-10
-68
-74
-124
83
33
-57
