67
79
80
49
1
0
16
0
24
1
0
32
0
112
0
32
5
0
0
0
5
0
0
0
5
0
0
0
2
0
253
4
48
1
0
0
48
64
0
0
0
0
0
0
49
1
2
0
49
64
0
0
64
31
0
0
50
64
0
0
224
4
0
0
16
0
0
0
36
64
37
0
50
140
8
81
5
1
1
0
15
1
1
0
0
64
0
0
0
0
0
0
1
64
0
0
0
0
0
0
2
64
0
0
0
0
0
0
3
64
0
0
0
0
0
0
11
1
48
0
12
1
48
0
10
1
9
0
4
1
0
0
5
64
0
0
10
0
0
0
4
64
0
0
1
0
0
0
6
64
0
0
1
0
0
0
9
1
83
0
7
1
0
0
0
1
4
0
1
1
1
0
3
1
5
0
2
1
1
0
20
1
65
0
31
1
2
0
16
64
0
0
0
0
0
0
17
64
0
0
0
0
0
0
18
64
0
0
0
0
0
0
19
64
0
0
0
0
0
0
18
1
24
0
17
1
4
0
19
1
15
0
27
1
24
0
28
1
24
0
26
1
4
0
21
64
0
0
64
1
0
0
20
64
0
0
16
0
0
0
22
64
0
0
80
0
0
0
24
1
128
255
33
1
9
0
32
1
3
0
34
1
7
0
46
1
16
0
40
1
2
0
32
64
0
0
224
31
0
0
33
64
0
0
64
4
0
0
41
1
2
0
34
64
0
0
64
31
0
0
35
64
0
0
160
0
0
0
37
1
0
0
38
1
128
255
39
1
127
0
22
1
9
0
21
1
5
0
23
1
31
0
36
1
0
3
47
1
0
0
17
0
0
0
2
0
0
0
48
64
0
0
224
4
0
0
49
64
0
0
32
36
0
0
50
64
0
0
128
14
0
0
16
0
0
0
16
64
0
0
80
0
0
0
19
1
47
0
32
64
0
0
0
38
0
0
33
64
0
0
160
12
0
0
34
64
0
0
32
36
0
0
35
64
0
0
224
1
0
0
47
1
7
0
17
0
0
0
2
0
0
0
36
64
37
0
16
56
152
66
5
1
65
0
15
1
2
0
11
1
24
0
12
1
24
0
10
1
4
0
4
1
63
0
5
64
0
0
64
1
0
0
4
64
0
0
16
0
0
0
6
64
0
0
80
0
0
0
9
1
128
255
0
1
1
0
3
1
1
0
16
64
0
0
64
31
0
0
19
1
63
0
33
1
2
0
32
1
2
0
34
1
0
0
46
1
0
0
40
1
0
0
32
64
0
0
224
21
0
0
33
64
0
0
160
2
0
0
41
1
0
0
34
64
0
0
96
19
0
0
35
64
0
0
128
2
0
0
22
1
24
0
23
1
15
0
36
1
0
1
47
1
2
0
3
0
0
0
48
64
0
0
128
24
0
0
49
64
0
0
128
62
0
0
50
64
0
0
144
18
0
0
16
0
0
0
36
64
39
0
64
209
124
104
0
64
0
0
64
31
0
0
0
1
0
0
1
1
0
0
3
1
0
0
2
1
0
0
16
64
0
0
0
0
0
0
33
1
0
0
32
1
0
0
40
1
2
0
32
64
0
0
0
65
0
0
33
64
0
0
16
16
0
0
41
1
2
0
34
64
0
0
128
62
0
0
22
1
15
0
21
1
3
0
23
1
31
0
36
1
0
3
47
1
0
0
17
0
0
0
2
0
0
0
36
64
38
0
248
154
43
102
0
64
0
0
0
0
0
0
0
1
1
0
1
1
1
0
3
1
1
0
2
1
1
0
16
64
0
0
64
31
0
0
33
1
2
0
32
1
2
0
40
1
0
0
32
64
0
0
144
45
0
0
33
64
0
0
144
2
0
0
41
1
0
0
34
64
0
0
16
43
0
0
22
1
24
0
21
1
5
0
23
1
15
0
36
1
0
1
47
1
1
0
3
0
0
0
48
64
0
0
32
48
0
0
18
0
1
0
16
0
0
0
36
64
38
0
54
185
157
80
0
64
0
0
64
31
0
0
0
1
0
0
1
1
0
0
3
1
0
0
2
1
0
0
16
64
0
0
0
0
0
0
33
1
0
0
32
1
0
0
40
1
2
0
32
64
0
0
0
65
0
0
33
64
0
0
16
16
0
0
41
1
2
0
34
64
0
0
128
62
0
0
22
1
15
0
21
1
3
0
23
1
31
0
36
1
0
3
47
1
0
0
17
0
0
0
2
0
0
0
36
64
37
0
106
49
22
70
0
64
0
0
0
0
0
0
0
1
1
0
1
1
1
0
3
1
1
0
2
1
1
0
16
64
0
0
64
31
0
0
33
1
2
0
32
1
2
0
40
1
0
0
32
64
0
0
48
69
0
0
33
64
0
0
144
2
0
0
41
1
0
0
34
64
0
0
176
66
0
0
22
1
24
0
21
1
5
0
23
1
15
0
36
1
0
1
47
1
1
0
3
0
0
0
48
64
0
0
192
71
0
0
18
0
1
0
16
0
0
0
36
64
38
0
205
117
83
77
0
64
0
0
64
31
0
0
0
1
0
0
1
1
0
0
3
1
0
0
2
1
0
0
16
64
0
0
0
0
0
0
33
1
0
0
32
1
0
0
40
1
2
0
32
64
0
0
0
65
0
0
33
64
0
0
16
16
0
0
41
1
2
0
34
64
0
0
128
62
0
0
22
1
15
0
21
1
3
0
23
1
31
0
36
1
0
3
47
1
0
0
17
0
0
0
2
0
0
0
36
64
38
0
188
207
60
74
0
64
0
0
0
0
0
0
0
1
1
0
1
1
1
0
3
1
1
0
2
1
1
0
16
64
0
0
64
31
0
0
33
1
2
0
32
1
2
0
40
1
0
0
32
64
0
0
208
92
0
0
33
64
0
0
144
2
0
0
41
1
0
0
34
64
0
0
80
90
0
0
22
1
24
0
21
1
5
0
23
1
15
0
36
1
0
1
47
1
1
0
3
0
0
0
48
64
0
0
96
95
0
0
50
64
0
0
112
18
0
0
18
0
1
0
16
0
0
0
36
64
38
0
246
224
204
76
0
64
0
0
64
31
0
0
0
1
0
0
1
1
0
0
3
1
0
0
2
1
0
0
16
64
0
0
0
0
0
0
33
1
0
0
32
1
0
0
40
1
2
0
32
64
0
0
0
65
0
0
33
64
0
0
240
15
0
0
41
1
2
0
34
64
0
0
128
62
0
0
22
1
15
0
21
1
3
0
23
1
31
0
36
1
0
3
47
1
0
0
17
0
0
0
2
0
0
0
0
64
0
0
0
0
0
0
9
1
0
0
20
1
65
1
16
64
0
0
64
31
0
0
18
1
0
0
17
1
0
0
27
1
0
0
28
1
0
0
26
1
0
0
21
64
0
0
64
0
0
0
22
64
0
0
16
0
0
0
24
1
0
0
33
1
24
0
32
1
4
0
36
64
37
32
76
55
137
65
22
1
0
0
21
1
1
0
23
1
63
0
36
1
0
1
5
0
3
0
36
64
38
0
149
28
48
76
0
64
0
0
64
31
0
0
11
1
0
0
12
1
0
0
10
1
0
0
5
64
0
0
64
0
0
0
6
64
0
0
16
0
0
0
9
1
128
255
20
1
1
0
16
64
0
0
64
0
0
0
19
1
11
0
21
64
0
0
12
0
0
0
20
64
0
0
12
0
0
0
22
64
0
0
1
0
0
0
24
1
14
0
33
1
0
0
32
1
0
0
40
1
0
0
32
64
0
0
112
114
0
0
33
64
0
0
144
3
0
0
41
1
0
0
34
64
0
0
208
113
0
0
35
64
0
0
160
0
0
0
21
1
3
0
23
1
15
0
36
1
0
2
2
0
0
0
5
1
1
0
0
64
0
0
64
0
0
0
10
1
11
0
4
1
0
0
5
64
0
0
12
0
0
0
4
64
0
0
1
0
0
0
6
64
0
0
1
0
0
0
9
1
14
0
20
1
65
1
16
64
0
0
80
0
0
0
19
1
0
0
21
64
0
0
16
0
0
0
20
64
0
0
16
0
0
0
22
64
0
0
16
0
0
0
32
1
11
0
36
64
0
0
1
0
0
0
21
1
1
0
36
1
0
1
5
0
0
0
48
64
0
0
0
118
0
0
49
1
3
1
49
64
0
0
0
0
0
0
50
64
0
0
0
4
0
0
16
0
0
0
37
64
0
5
1
0
0
0
38
64
0
5
1
0
0
0
10
1
0
0
4
1
11
0
4
64
0
0
12
0
0
0
20
1
69
1
16
64
0
0
0
0
0
0
19
1
11
0
21
64
0
0
64
0
0
0
20
64
0
0
64
0
0
0
22
64
0
0
64
0
0
0
24
1
127
0
37
1
7
0
133
1
65
0
143
1
2
0
128
64
0
0
80
0
0
0
129
64
0
0
0
0
0
0
130
64
0
0
0
0
0
0
131
64
0
0
0
0
0
0
139
1
0
0
140
1
0
0
138
1
0
0
133
64
0
0
16
0
0
0
132
64
0
0
16
0
0
0
134
64
0
0
16
0
0
0
137
1
14
0
8
1
0
0
128
1
4
0
21
1
127
0
17
0
0
0
6
0
2
0
37
64
0
0
1
0
0
0
38
64
0
0
1
0
0
0
36
64
0
32
1
0
0
0
5
1
73
0
0
64
0
0
0
0
0
0
5
64
0
0
64
0
0
0
4
64
0
0
64
0
0
0
6
64
0
0
64
0
0
0
9
1
0
0
20
1
5
1
16
64
0
0
64
0
0
0
21
64
0
0
48
0
0
0
20
64
0
0
48
0
0
0
22
64
0
0
4
0
0
0
24
1
0
0
37
1
0
16
38
1
0
128
39
1
255
255
133
1
9
192
39
64
0
0
12
0
0
0
137
1
0
0
128
1
8
0
21
1
31
0
6
0
8
0
5
1
9
0
0
64
0
0
64
0
0
0
5
64
0
0
48
0
0
0
4
64
0
0
48
0
0
0
6
64
0
0
4
0
0
0
20
1
69
1
16
64
0
0
192
0
0
0
19
1
0
0
21
64
0
0
64
0
0
0
20
64
0
0
64
0
0
0
22
64
0
0
64
0
0
0
32
1
0
0
21
1
3
0
36
1
0
2
5
0
2
0
36
64
0
0
1
0
0
0
5
1
73
0
0
64
0
0
192
0
0
0
4
1
0
0
5
64
0
0
64
0
0
0
4
64
0
0
64
0
0
0
6
64
0
0
64
0
0
0
16
64
0
0
0
1
0
0
128
1
0
0
21
1
31
0
36
1
0
1
6
0
7
0
37
64
192
3
1
0
0
0
38
64
192
3
1
0
0
0
5
1
9
192
39
64
0
0
35
0
0
0
16
64
0
0
64
0
0
0
133
1
73
0
128
64
0
0
0
1
0
0
133
64
0
0
64
0
0
0
132
64
0
0
64
0
0
0
134
64
0
0
64
0
0
0
8
1
8
0
6
0
2
0
5
1
73
0
15
1
2
0
0
64
0
0
0
1
0
0
1
64
0
0
0
0
0
0
2
64
0
0
0
0
0
0
3
64
0
0
0
0
0
0
11
1
0
0
12
1
0
0
10
1
0
0
5
64
0
0
64
0
0
0
4
64
0
0
64
0
0
0
6
64
0
0
64
0
0
0
9
1
0
0
20
1
69
129
31
1
0
0
133
1
9
192
39
64
0
0
1
0
0
0
137
1
0
0
8
1
0
0
128
1
8
0
6
0
2
0
37
64
0
0
1
0
0
0
38
64
0
0
1
0
0
0
5
1
73
0
15
1
2
0
0
64
0
0
192
0
0
0
1
64
0
0
0
0
0
0
2
64
0
0
0
0
0
0
3
64
0
0
0
0
0
0
11
1
0
0
12
1
0
0
10
1
0
0
5
64
0
0
64
0
0
0
4
64
0
0
64
0
0
0
6
64
0
0
64
0
0
0
9
1
0
0
20
1
69
1
31
1
2
0
16
64
0
0
128
0
0
0
133
1
73
128
143
1
0
0
137
1
0
0
128
1
0
0
6
0
9
0
36
64
31
0
0
0
0
64
5
1
73
0
15
1
2
0
0
64
0
0
128
0
0
0
1
64
0
0
0
0
0
0
2
64
0
0
0
0
0
0
3
64
0
0
0
0
0
0
11
1
0
0
12
1
0
0
10
1
0
0
5
64
0
0
64
0
0
0
4
64
0
0
64
0
0
0
6
64
0
0
64
0
0
0
9
1
0
0
20
1
69
129
31
1
0
0
133
1
9
192
39
64
0
0
196
195
195
195
137
1
0
0
128
1
8
0
6
0
0
0
37
64
192
3
1
0
0
0
38
64
192
3
1
0
0
0
36
64
0
0
1
0
0
0
5
1
73
128
15
1
0
0
9
1
0
0
20
1
69
1
31
1
2
0
16
64
0
0
0
1
0
0
133
1
9
192
39
64
0
0
90
90
90
90
137
1
0
0
6
0
1
0
37
64
0
0
1
0
0
0
38
64
0
0
1
0
0
0
36
64
31
0
0
0
0
64
5
1
73
0
15
1
2
0
0
64
0
0
0
1
0
0
1
64
0
0
0
0
0
0
2
64
0
0
0
0
0
0
3
64
0
0
0
0
0
0
11
1
0
0
12
1
0
0
10
1
0
0
5
64
0
0
64
0
0
0
4
64
0
0
64
0
0
0
6
64
0
0
64
0
0
0
9
1
0
0
20
1
69
129
31
1
0
0
133
1
73
0
143
1
2
0
128
64
0
0
128
0
0
0
129
64
0
0
0
0
0
0
130
64
0
0
0
0
0
0
131
64
0
0
0
0
0
0
139
1
0
0
140
1
0
0
138
1
0
0
133
64
0
0
64
0
0
0
132
64
0
0
64
0
0
0
134
64
0
0
64
0
0
0
137
1
0
0
128
1
0
0
6
0
0
0
37
64
192
3
1
0
0
0
38
64
192
3
1
0
0
0
36
64
0
0
1
0
0
0
5
1
9
192
39
64
0
0
0
0
0
32
9
1
0
0
20
1
69
129
31
1
1
0
133
1
73
128
143
1
0
0
137
1
0
0
8
1
8
0
6
0
2
0
37
64
0
0
1
0
0
0
38
64
0
0
1
0
0
0
36
64
31
0
0
0
0
64
5
1
73
0
15
1
2
0
0
64
0
0
0
1
0
0
1
64
0
0
0
0
0
0
2
64
0
0
0
0
0
0
3
64
0
0
0
0
0
0
11
1
0
0
12
1
0
0
10
1
0
0
5
64
0
0
64
0
0
0
4
64
0
0
64
0
0
0
6
64
0
0
64
0
0
0
9
1
0
0
20
1
69
129
31
1
2
0
133
1
73
128
143
1
1
0
137
1
0
0
8
1
0
0
6
0
0
0
36
64
0
0
1
0
0
0
5
1
73
128
15
1
2
0
9
1
0
0
20
1
69
1
16
64
0
0
192
0
0
0
133
1
9
192
39
64
0
0
4
0
0
0
137
1
0
0
128
1
8
0
6
0
0
0
37
64
192
3
1
0
0
0
38
64
192
3
1
0
0
0
5
1
73
0
15
1
2
0
0
64
0
0
0
1
0
0
1
64
0
0
0
0
0
0
2
64
0
0
0
0
0
0
3
64
0
0
0
0
0
0
11
1
0
0
12
1
0
0
10
1
0
0
5
64
0
0
64
0
0
0
4
64
0
0
64
0
0
0
6
64
0
0
64
0
0
0
9
1
0
0
20
1
69
1
133
1
73
0
143
1
2
0
128
64
0
0
192
0
0
0
129
64
0
0
0
0
0
0
130
64
0
0
0
0
0
0
131
64
0
0
0
0
0
0
139
1
0
0
140
1
0
0
138
1
0
0
133
64
0
0
64
0
0
0
132
64
0
0
64
0
0
0
134
64
0
0
64
0
0
0
137
1
0
0
128
1
0
0
6
0
1
0
37
64
0
0
1
0
0
0
38
64
0
0
1
0
0
0
36
64
31
0
0
0
0
64
5
1
73
0
15
1
2
0
0
64
0
0
192
0
0
0
1
64
0
0
0
0
0
0
2
64
0
0
0
0
0
0
3
64
0
0
0
0
0
0
11
1
0
0
12
1
0
0
10
1
0
0
5
64
0
0
64
0
0
0
4
64
0
0
64
0
0
0
6
64
0
0
64
0
0
0
9
1
0
0
20
1
69
129
31
1
0
0
133
1
73
0
143
1
2
0
128
64
0
0
128
0
0
0
129
64
0
0
0
0
0
0
130
64
0
0
0
0
0
0
131
64
0
0
0
0
0
0
139
1
0
0
140
1
0
0
138
1
0
0
133
64
0
0
64
0
0
0
132
64
0
0
64
0
0
0
134
64
0
0
64
0
0
0
137
1
0
0
6
0
0
0
37
64
192
3
1
0
0
0
38
64
192
3
1
0
0
0
36
64
0
0
1
0
0
0
5
1
9
192
39
64
0
0
0
0
0
32
9
1
0
0
20
1
69
129
31
1
1
0
133
1
73
128
143
1
0
0
137
1
0
0
8
1
8
0
6
0
2
0
37
64
0
0
1
0
0
0
38
64
0
0
1
0
0
0
36
64
31
0
0
0
0
64
5
1
73
0
15
1
2
0
0
64
0
0
192
0
0
0
1
64
0
0
0
0
0
0
2
64
0
0
0
0
0
0
3
64
0
0
0
0
0
0
11
1
0
0
12
1
0
0
10
1
0
0
5
64
0
0
64
0
0
0
4
64
0
0
64
0
0
0
6
64
0
0
64
0
0
0
9
1
0
0
20
1
69
129
31
1
2
0
133
1
73
128
143
1
1
0
137
1
0
0
8
1
0
0
6
0
0
0
36
64
0
0
1
0
0
0
5
1
73
128
15
1
2
0
9
1
0
0
20
1
69
1
16
64
0
0
0
1
0
0
133
1
9
192
39
64
0
0
4
0
0
0
137
1
0
0
128
1
8
0
6
0
0
0
37
64
192
3
1
0
0
0
38
64
192
3
1
0
0
0
5
1
73
0
15
1
2
0
0
64
0
0
192
0
0
0
1
64
0
0
0
0
0
0
2
64
0
0
0
0
0
0
3
64
0
0
0
0
0
0
11
1
0
0
12
1
0
0
10
1
0
0
5
64
0
0
64
0
0
0
4
64
0
0
64
0
0
0
6
64
0
0
64
0
0
0
9
1
0
0
20
1
69
1
133
1
73
0
143
1
2
0
128
64
0
0
0
1
0
0
129
64
0
0
0
0
0
0
130
64
0
0
0
0
0
0
131
64
0
0
0
0
0
0
139
1
0
0
140
1
0
0
138
1
0
0
133
64
0
0
64
0
0
0
132
64
0
0
64
0
0
0
134
64
0
0
64
0
0
0
137
1
0
0
128
1
0
0
6
0
1
0
37
64
0
0
1
0
0
0
38
64
0
0
1
0
0
0
36
64
31
0
0
0
0
64
5
1
73
0
15
1
2
0
0
64
0
0
0
1
0
0
1
64
0
0
0
0
0
0
2
64
0
0
0
0
0
0
3
64
0
0
0
0
0
0
11
1
0
0
12
1
0
0
10
1
0
0
5
64
0
0
64
0
0
0
4
64
0
0
64
0
0
0
6
64
0
0
64
0
0
0
9
1
0
0
20
1
69
129
31
1
0
0
133
1
73
0
143
1
2
0
128
64
0
0
128
0
0
0
129
64
0
0
0
0
0
0
130
64
0
0
0
0
0
0
131
64
0
0
0
0
0
0
139
1
0
0
140
1
0
0
138
1
0
0
133
64
0
0
64
0
0
0
132
64
0
0
64
0
0
0
134
64
0
0
64
0
0
0
137
1
0
0
6
0
0
0
37
64
192
3
1
0
0
0
38
64
192
3
1
0
0
0
36
64
0
0
1
0
0
0
5
1
9
192
39
64
0
0
0
0
0
32
9
1
0
0
20
1
69
129
31
1
1
0
133
1
73
128
143
1
0
0
137
1
0
0
8
1
8
0
6
0
2
0
37
64
0
0
1
0
0
0
38
64
0
0
1
0
0
0
36
64
31
0
0
0
0
64
5
1
73
0
15
1
2
0
0
64
0
0
0
1
0
0
1
64
0
0
0
0
0
0
2
64
0
0
0
0
0
0
3
64
0
0
0
0
0
0
11
1
0
0
12
1
0
0
10
1
0
0
5
64
0
0
64
0
0
0
4
64
0
0
64
0
0
0
6
64
0
0
64
0
0
0
9
1
0
0
20
1
69
129
31
1
2
0
133
1
73
128
143
1
1
0
137
1
0
0
8
1
0
0
6
0
0
0
36
64
0
0
1
0
0
0
5
1
73
128
15
1
2
0
9
1
0
0
20
1
69
1
16
64
0
0
192
0
0
0
133
1
9
192
39
64
0
0
4
0
0
0
137
1
0
0
128
1
8
0
6
0
0
0
37
64
192
3
1
0
0
0
38
64
192
3
1
0
0
0
5
1
73
0
15
1
2
0
0
64
0
0
0
1
0
0
1
64
0
0
0
0
0
0
2
64
0
0
0
0
0
0
3
64
0
0
0
0
0
0
11
1
0
0
12
1
0
0
10
1
0
0
5
64
0
0
64
0
0
0
4
64
0
0
64
0
0
0
6
64
0
0
64
0
0
0
9
1
0
0
20
1
69
1
133
1
73
0
143
1
2
0
128
64
0
0
192
0
0
0
129
64
0
0
0
0
0
0
130
64
0
0
0
0
0
0
131
64
0
0
0
0
0
0
139
1
0
0
140
1
0
0
138
1
0
0
133
64
0
0
64
0
0
0
132
64
0
0
64
0
0
0
134
64
0
0
64
0
0
0
137
1
0
0
128
1
0
0
6
0
1
0
37
64
0
0
1
0
0
0
38
64
0
0
1
0
0
0
36
64
30
0
0
0
0
64
5
1
73
0
15
1
2
0
0
64
0
0
0
0
0
0
1
64
0
0
0
0
0
0
2
64
0
0
0
0
0
0
3
64
0
0
0
0
0
0
11
1
0
0
12
1
0
0
10
1
0
0
4
1
11
0
5
64
0
0
64
0
0
0
4
64
0
0
64
0
0
0
6
64
0
0
64
0
0
0
9
1
0
0
20
1
69
129
31
1
0
0
19
1
11
0
133
1
73
0
143
1
2
0
128
64
0
0
192
0
0
0
129
64
0
0
0
0
0
0
130
64
0
0
0
0
0
0
131
64
0
0
0
0
0
0
139
1
0
0
140
1
0
0
138
1
0
0
133
64
0
0
64
0
0
0
132
64
0
0
64
0
0
0
134
64
0
0
64
0
0
0
137
1
0
0
128
1
4
0
6
0
0
0
36
64
0
32
1
0
0
0
5
1
73
128
15
1
0
0
9
1
0
0
20
1
1
1
31
1
1
0
16
64
0
0
0
0
0
0
21
64
0
0
12
0
0
0
20
64
0
0
12
0
0
0
22
64
0
0
1
0
0
0
24
1
128
255
37
1
0
0
38
1
128
255
39
1
127
0
133
1
73
0
143
1
2
0
128
64
0
0
64
0
0
0
129
64
0
0
0
0
0
0
130
64
0
0
0
0
0
0
131
64
0
0
0
0
0
0
139
1
0
0
140
1
0
0
138
1
0
0
133
64
0
0
64
0
0
0
132
64
0
0
64
0
0
0
134
64
0
0
64
0
0
0
137
1
0
0
6
0
8
0
0
0
255
255
