-6
69
-84
-49
-6
33
46
-78
-86
-97
-34
-79
-127
115
-76
94
-101
-81
-86
123
-20
3
68
12
117
29
-29
-69
-67
-10
-2
-8
-12
-11
127
115
100
-112
-68
43
41
-6
126
-65
-82
51
-100
-69
16
103
99
-31
114
120
94
-99
54
-15
-108
124
81
39
-68
95
-78
-88
-100
-30
-43
30
35
-94
25
13
-98
8
32
-91
75
-127
-27
-89
112
50
95
-96
-111
-17
45
2
-12
94
-95
-12
-108
104
13
-14
-39
24
56
102
103
86
34
55
-103
113
-89
15
-118
74
-107
-40
92
39
-50
106
115
104
117
120
62
-86
-4
-12
120
41
-57
9
20
-10
-53
-96
45
-114
-64
-15
-25
54
100
-113
108
-55
-119
-58
63
0
98
-22
-67
-48
-50
-35
-11
-96
-94
6
-24
19
12
-109
13
56
27
-80
-124
93
87
48
-100
-107
-78
32
-61
-70
37
105
-67
32
102
-101
7
108
-20
100
99
-103
-105
58
85
-69
-94
125
7
-28
-95
8
17
-84
-28
-79
1
74
77
19
-49
2
-106
-22
-3
9
73
24
-84
-7
41
16
-49
65
-29
76
54
-64
-16
-41
-50
117
-55
-70
-18
-32
-73
-92
28
116
126
30
-114
23
32
25
-104
-74
-92
125
31
125
-115
-117
6
98
56
-92
32
39
111
-86
-90
117
36
22
63
-77
46
109
89
20
-22
104
106
-28
11
107
27
-104
116
-106
-119
-128
-32
-9
-71
99
123
84
-2
-99
-86
75
-114
112
105
-101
53
-120
14
52
61
-52
-53
76
40
59
87
-45
10
-119
25
-78
66
-62
-45
-80
95
-41
-30
73
116
-95
13
103
9
-39
83
25
9
-59
111
-97
5
17
88
-54
-38
116
95
126
-72
-112
3
-46
-94
103
97
-127
-93
0
112
-111
-36
51
103
-77
109
-33
-112
33
-99
-69
-61
103
-80
47
57
75
-87
81
-123
-53
-80
-105
26
-10
125
2
99
-112
-39
-78
-77
-83
41
-20
9
113
-9
121
-102
-99
72
-33
-40
37
-12
-89
40
-128
12
-78
11
91
-83
-107
-107
57
5
-90
-90
14
-126
25
-115
-29
22
20
121
-6
66
36
-84
-34
60
-43
40
24
-124
-99
-82
-45
-45
-16
-114
15
30
-84
33
-68
121
125
-40
-78
-117
63
70
-106
19
-21
91
38
-66
16
-106
-17
-5
105
92
-59
-125
-102
28
-32
95
114
42
-4
-95
92
127
-101
31
-78
-9
-54
123
-82
-94
28
-92
36
23
-1
-91
77
74
-103
31
101
-114
50
