139
229
2
0
131
170
5
101
42
0
39
230
2
0
54
115
240
100
42
0
104
229
2
0
118
132
10
101
42
0
254
229
2
0
196
25
246
100
42
0
0
0
0
0
0
0
0
0
0
0
0
0
0
0
0
0
0
0
0
0
0
0
0
0
0
0
0
0
0
0
0
0
0
0
0
0
0
0
0
0
0
0
0
0
0
0
0
0
0
0
0
0
0
0
0
0
0
0
0
0
0
0
0
0
0
0
0
0
0
0
0
0
0
0
0
0
0
0
0
0
0
0
0
0
0
0
0
0
0
0
0
0
0
0
0
0
0
0
0
0
0
0
0
0
0
0
0
0
0
0
0
0
0
0
0
0
0
0
0
0
216
24
92
1
12
0
156
178
139
238
205
135
26
0
0
128
172
175
250
210
43
251
214
13
240
113
56
68
229
225
214
6
56
255
255
232
162
234
73
51
9
230
252
255
234
195
135
76
57
39
26
169
15
0
0
239
74
214
40
63
237
95
68
0
80
226
122
204
96
77
149
142
246
255
231
10
167
128
76
33
247
0
255
207
123
102
112
239
158
175
7
246
15
0
0
0
124
92
224
162
232
56
48
163
207
50
44
90
240
70
29
138
240
63
63
139
77
39
218
191
70
248
255
210
220
136
97
163
19
243
49
255
15
0
0
0
70
231
147
164
9
141
220
5
240
151
176
108
96
40
235
239
202
255
239
232
103
187
211
38
189
148
247
255
16
5
132
167
150
103
59
47
15
0
0
6
50
232
45
151
57
211
188
0
128
80
12
239
180
237
109
97
246
255
49
54
142
73
185
222
3
186
255
15
106
249
21
76
219
137
121
246
15
0
0
0
148
194
220
5
54
29
252
221
109
59
57
237
52
99
39
161
240
255
222
190
8
184
90
143
230
241
255
5
222
26
159
231
164
47
87
255
15
0
0
160
195
138
190
195
14
119
198
7
240
30
14
210
80
61
101
108
73
255
175
162
164
115
120
151
134
218
245
255
252
222
114
40
220
66
33
103
15
0
0
122
214
32
174
117
234
121
250
0
80
100
105
54
45
174
193
237
242
255
220
116
232
163
88
253
219
197
255
15
102
150
112
115
220
8
78
246
15
0
0
16
74
224
2
8
207
115
172
14
42
234
210
241
25
17
36
239
240
63
254
125
113
117
17
104
143
247
255
57
68
60
83
40
81
66
124
255
15
0
0
160
59
241
225
55
46
244
215
5
242
179
208
9
54
183
43
160
155
255
79
3
154
154
158
196
4
51
254
255
39
55
47
77
205
7
142
217
15
0
0
226
236
228
253
236
244
127
70
0
176
30
146
90
90
146
7
249
247
255
245
11
125
145
110
99
226
158
255
31
238
51
63
148
89
151
245
249
15
0
0
0
238
161
38
75
56
190
95
162
153
121
45
113
60
207
64
42
240
143
56
29
252
61
48
105
219
251
255
8
131
73
27
9
13
245
206
255
15
0
2
240
232
50
46
155
201
29
179
1
240
11
166
22
227
223
27
208
66
255
239
205
26
162
65
198
239
30
241
255
135
196
96
174
251
128
172
224
15
0
0
89
62
80
36
52
211
190
159
0
64
51
130
229
53
213
181
27
240
255
121
175
245
72
97
200
39
58
255
175
227
155
234
120
201
22
129
249
15
0
0
0
111
68
43
18
226
18
115
29
156
172
125
166
238
133
85
84
240
31
116
20
9
18
192
195
154
253
255
235
120
8
28
190
104
196
4
255
15
0
0
96
17
112
254
91
17
246
94
9
240
18
13
200
194
123
13
150
209
255
79
251
38
122
193
59
138
101
240
255
73
249
111
25
78
58
109
168
15
0
0
26
125
137
196
163
200
21
125
0
48
160
59
192
149
226
166
203
249
255
26
246
31
145
2
97
24
89
255
191
35
47
126
203
72
186
8
241
15
0
0
0
117
61
40
28
12
128
239
115
242
253
37
223
143
5
242
146
240
223
210
239
114
225
48
38
110
241
255
191
194
72
245
167
175
128
151
255
15
0
0
32
152
140
250
171
29
231
164
14
240
230
243
211
249
51
40
222
109
255
255
100
74
8
127
169
215
188
245
255
87
92
8
229
114
94
215
58
15
0
0
141
14
241
50
81
135
20
139
0
176
50
16
102
247
51
173
163
252
255
102
63
240
128
114
34
243
36
255
127
40
141
231
241
124
195
181
252
15
0
0
0
184
240
13
47
197
45
191
6
220
245
92
120
160
91
25
159
240
63
147
224
170
206
98
168
185
241
255
50
231
115
41
159
70
108
24
255
15
0
0
112
36
2
253
240
171
116
2
10
240
117
82
226
194
8
170
150
248
255
143
249
183
175
52
90
241
37
242
255
241
168
193
0
168
245
134
58
15
0
0
232
82
142
148
133
49
115
151
0
96
51
147
202
98
4
95
183
255
255
52
142
137
5
26
250
172
61
255
207
201
180
78
187
120
245
66
245
15
0
0
2
240
123
44
74
70
207
155
19
240
255
71
239
244
158
111
106
112
254
255
157
143
252
47
63
110
13
168
255
159
74
18
49
66
162
83
149
2
0
0
144
5
99
200
243
17
68
18
14
240
78
135
60
7
107
63
203
82
255
63
62
32
149
243
255
255
255
255
255
255
255
255
255
255
255
255
255
255
255
255
255
255
255
255
255
255
255
255
255
255
255
255
255
255
255
255
255
255
255
255
255
255
255
255
255
255
255
255
255
255
255
255
255
255
255
255
255
255
255
255
255
15
255
255
255
255
255
255
255
255
255
255
255
255
255
255
255
