98
92
71
-121
-46
-25
-111
67
63
-30
-110
-100
91
43
102
49
-108
-41
89
74
-122
102
95
55
-33
83
-31
-8
-118
19
-49
-68
57
-60
-32
-60
79
-68
72
-48
119
-80
-57
-44
-115
49
-103
61
90
12
95
73
-85
113
70
51
-93
-107
18
67
82
-18
-114
-34
18
-47
17
117
21
-58
-72
78
78
83
-109
88
21
35
6
56
53
-67
72
-94
1
39
41
-61
29
120
102
38
-45
102
-6
-23
-110
49
3
-84
92
-1
-118
-28
-122
64
-14
90
37
-38
67
-81
119
33
13
-60
-21
113
42
-95
-76
-39
72
-57
-79
89
112
-37
109
-32
17
-70
86
-17
-38
67
-27
-1
-110
-68
33
-42
-8
33
20
-24
-82
-117
-52
84
48
-32
-45
-62
126
-68
45
41
-18
-50
-103
-12
11
-32
-10
-106
93
-28
-68
-60
-51
-63
3
-76
-24
38
100
4
-98
-5
-49
104
-80
-31
56
90
34
-110
-98
-107
-7
119
-128
73
90
119
84
24
35
18
