67
79
80
49
1
0
16
0
24
1
0
32
0
112
0
32
5
0
0
0
5
0
0
0
5
0
0
0
2
0
183
6
36
64
41
0
210
107
106
75
5
1
1
0
15
1
1
0
0
64
0
0
192
0
0
0
1
64
0
0
0
0
0
0
2
64
0
0
0
0
0
0
3
64
0
0
0
0
0
0
11
1
0
0
12
1
0
0
10
1
0
0
4
1
23
0
5
64
0
0
24
0
0
0
4
64
0
0
24
0
0
0
6
64
0
0
1
0
0
0
9
1
255
255
7
1
0
0
0
1
0
0
1
1
0
0
3
1
0
0
2
1
0
0
20
1
1
0
31
1
2
0
16
64
0
0
0
0
0
0
17
64
0
0
0
0
0
0
18
64
0
0
0
0
0
0
19
64
0
0
0
0
0
0
18
1
0
0
17
1
0
0
19
1
71
0
27
1
0
0
28
1
0
0
26
1
0
0
21
64
0
0
72
0
0
0
20
64
0
0
72
0
0
0
22
64
0
0
1
0
0
0
24
1
4
0
33
1
0
0
32
1
0
0
34
1
0
0
46
1
1
0
40
1
0
0
32
64
0
0
32
3
0
0
33
64
0
0
32
18
0
0
41
1
0
0
34
64
0
0
0
0
0
0
35
64
0
0
32
3
0
0
37
1
0
0
38
1
128
255
39
1
127
0
22
1
0
0
21
1
3
0
23
1
71
0
36
1
0
2
47
1
0
0
2
0
0
0
0
64
0
0
96
0
0
0
4
1
41
0
5
64
0
0
42
0
0
0
4
64
0
0
42
0
0
0
9
1
14
0
20
1
65
1
16
64
0
0
80
0
0
0
19
1
41
0
21
64
0
0
48
0
0
0
20
64
0
0
16
0
0
0
22
64
0
0
16
0
0
0
24
1
14
0
36
64
30
32
1
0
0
64
21
1
1
0
23
1
47
0
36
1
0
1
47
1
7
0
5
0
3
0
48
1
0
0
48
64
0
0
160
28
0
0
49
1
3
1
49
64
0
0
0
0
0
0
50
64
0
0
0
1
0
0
16
0
0
0
36
64
38
0
254
139
57
96
5
1
65
0
15
1
2
0
0
64
0
0
80
0
0
0
5
64
0
0
48
0
0
0
4
64
0
0
16
0
0
0
6
64
0
0
16
0
0
0
20
1
65
0
16
64
0
0
240
0
0
0
19
1
23
0
21
64
0
0
32
0
0
0
24
1
9
0
32
64
0
0
128
22
0
0
33
64
0
0
32
6
0
0
34
64
0
0
64
21
0
0
35
64
0
0
64
1
0
0
37
1
4
0
21
1
3
0
23
1
23
0
36
1
0
2
47
1
0
0
17
0
0
0
2
0
0
0
36
64
41
0
253
74
198
78
0
64
0
0
240
0
0
0
4
1
23
0
5
64
0
0
32
0
0
0
9
1
0
0
20
1
1
0
16
64
0
0
80
0
0
0
19
1
71
0
21
64
0
0
72
0
0
0
20
64
0
0
72
0
0
0
22
64
0
0
1
0
0
0
24
1
253
255
32
64
0
0
192
32
0
0
33
64
0
0
32
18
0
0
34
64
0
0
160
29
0
0
35
64
0
0
32
3
0
0
37
1
0
0
23
1
71
0
2
0
0
0
48
64
0
0
224
50
0
0
49
64
0
0
0
1
0
0
16
0
0
0
37
64
12
5
1
68
16
122
38
64
11
5
0
0
0
64
36
64
50
0
80
20
98
116
5
1
1
0
15
1
2
0
0
64
0
0
104
0
0
0
1
64
0
0
0
0
0
0
2
64
0
0
0
0
0
0
3
64
0
0
0
0
0
0
11
1
0
0
12
1
0
0
10
1
0
0
5
64
0
0
72
0
0
0
4
64
0
0
72
0
0
0
6
64
0
0
1
0
0
0
9
1
253
255
20
1
65
129
31
1
0
0
19
1
23
0
24
1
252
255
37
1
36
0
133
1
1
0
143
1
2
0
128
64
0
0
24
0
0
0
129
64
0
0
0
0
0
0
130
64
0
0
0
0
0
0
131
64
0
0
0
0
0
0
139
1
0
0
140
1
0
0
138
1
0
0
133
64
0
0
72
0
0
0
132
64
0
0
72
0
0
0
134
64
0
0
1
0
0
0
137
1
4
0
8
1
0
0
128
1
0
0
21
1
63
0
23
1
31
0
36
1
0
1
17
0
0
0
6
0
1
0
37
64
0
0
1
0
0
0
38
64
0
0
1
0
0
0
36
64
38
0
128
180
255
73
5
1
65
128
15
1
0
0
9
1
128
255
20
1
65
1
31
1
2
0
16
64
0
0
160
0
0
0
21
64
0
0
32
0
0
0
20
64
0
0
16
0
0
0
22
64
0
0
16
0
0
0
24
1
3
0
37
1
0
0
133
1
1
0
143
1
2
0
128
64
0
0
48
0
0
0
129
64
0
0
0
0
0
0
130
64
0
0
0
0
0
0
131
64
0
0
0
0
0
0
139
1
0
0
140
1
0
0
138
1
0
0
133
64
0
0
72
0
0
0
132
64
0
0
72
0
0
0
134
64
0
0
1
0
0
0
137
1
4
0
6
0
0
0
48
64
0
0
224
51
0
0
49
64
0
0
0
2
0
0
16
0
0
0
37
64
11
5
0
0
0
64
38
64
12
5
200
164
22
116
36
64
50
0
212
167
189
93
5
1
1
0
15
1
2
0
0
64
0
0
128
0
0
0
1
64
0
0
0
0
0
0
2
64
0
0
0
0
0
0
3
64
0
0
0
0
0
0
11
1
0
0
12
1
0
0
10
1
0
0
5
64
0
0
72
0
0
0
4
64
0
0
72
0
0
0
6
64
0
0
1
0
0
0
9
1
253
255
20
1
65
1
24
1
247
255
37
1
68
0
133
1
65
0
143
1
2
0
128
64
0
0
160
0
0
0
129
64
0
0
0
0
0
0
130
64
0
0
0
0
0
0
131
64
0
0
0
0
0
0
139
1
0
0
140
1
0
0
138
1
0
0
133
64
0
0
32
0
0
0
132
64
0
0
16
0
0
0
134
64
0
0
16
0
0
0
137
1
3
0
17
0
0
0
6
0
1
0
48
64
0
0
224
52
0
0
49
64
0
0
0
3
0
0
16
0
0
0
37
64
12
5
1
68
16
122
38
64
11
5
0
0
0
64
36
64
50
0
25
239
109
88
0
64
0
0
80
0
0
0
31
1
1
0
16
64
0
0
224
0
0
0
24
1
8
0
37
1
100
0
133
1
1
0
128
64
0
0
0
0
0
0
133
64
0
0
72
0
0
0
132
64
0
0
72
0
0
0
134
64
0
0
1
0
0
0
137
1
4
0
47
1
7
0
17
0
0
0
6
0
1
0
37
64
11
5
0
0
0
64
38
64
13
5
8
0
0
127
36
64
48
0
63
243
64
64
5
1
1
192
39
64
0
0
127
0
0
0
9
1
0
0
20
1
65
129
31
1
0
0
24
1
128
255
37
1
0
0
133
1
65
0
143
1
1
0
128
64
0
0
224
0
0
0
129
64
0
0
0
0
0
0
130
64
0
0
0
0
0
0
131
64
0
0
0
0
0
0
139
1
0
0
140
1
0
0
138
1
0
0
133
64
0
0
32
0
0
0
132
64
0
0
16
0
0
0
134
64
0
0
16
0
0
0
137
1
128
255
8
1
8
0
47
1
0
0
6
0
2
0
37
64
0
0
1
0
0
0
38
64
0
0
1
0
0
0
36
64
38
0
128
6
3
64
5
1
65
128
15
1
0
0
9
1
128
255
20
1
65
1
31
1
2
0
16
64
0
0
0
0
0
0
24
1
255
255
133
1
65
0
143
1
2
0
128
64
0
0
160
0
0
0
129
64
0
0
0
0
0
0
130
64
0
0
0
0
0
0
131
64
0
0
0
0
0
0
139
1
0
0
140
1
0
0
138
1
0
0
133
64
0
0
32
0
0
0
132
64
0
0
16
0
0
0
134
64
0
0
16
0
0
0
137
1
0
0
8
1
0
0
6
0
0
0
36
64
38
0
128
179
89
64
5
1
65
0
15
1
1
0
0
64
0
0
224
0
0
0
1
64
0
0
0
0
0
0
2
64
0
0
0
0
0
0
3
64
0
0
0
0
0
0
11
1
0
0
12
1
0
0
10
1
0
0
5
64
0
0
32
0
0
0
4
64
0
0
16
0
0
0
6
64
0
0
16
0
0
0
9
1
128
255
20
1
65
129
31
1
0
0
24
1
0
0
133
1
1
0
143
1
1
0
128
64
0
0
192
0
0
0
129
64
0
0
0
0
0
0
130
64
0
0
0
0
0
0
131
64
0
0
0
0
0
0
139
1
0
0
140
1
0
0
138
1
0
0
133
64
0
0
24
0
0
0
132
64
0
0
24
0
0
0
134
64
0
0
1
0
0
0
137
1
255
255
6
0
0
0
37
64
12
5
94
120
84
127
38
64
11
5
0
0
0
64
36
64
50
0
248
14
249
127
5
1
65
128
15
1
0
0
9
1
0
0
20
1
65
1
31
1
2
0
16
64
0
0
32
0
0
0
24
1
255
255
133
1
65
0
143
1
2
0
128
64
0
0
0
0
0
0
129
64
0
0
0
0
0
0
130
64
0
0
0
0
0
0
131
64
0
0
0
0
0
0
139
1
0
0
140
1
0
0
138
1
0
0
133
64
0
0
32
0
0
0
132
64
0
0
16
0
0
0
134
64
0
0
16
0
0
0
137
1
255
255
6
0
1
0
5
1
65
0
15
1
2
0
0
64
0
0
32
0
0
0
1
64
0
0
0
0
0
0
2
64
0
0
0
0
0
0
3
64
0
0
0
0
0
0
11
1
0
0
12
1
0
0
10
1
0
0
5
64
0
0
32
0
0
0
4
64
0
0
16
0
0
0
6
64
0
0
16
0
0
0
9
1
255
255
20
1
1
1
31
1
1
0
16
64
0
0
208
0
0
0
21
64
0
0
24
0
0
0
20
64
0
0
24
0
0
0
22
64
0
0
1
0
0
0
36
64
30
32
1
0
0
64
21
1
1
0
5
0
3
0
5
1
1
0
15
1
1
0
0
64
0
0
208
0
0
0
5
64
0
0
24
0
0
0
4
64
0
0
24
0
0
0
6
64
0
0
1
0
0
0
20
1
65
1
31
1
2
0
16
64
0
0
160
1
0
0
21
64
0
0
32
0
0
0
20
64
0
0
16
0
0
0
22
64
0
0
16
0
0
0
5
0
3
0
48
64
0
0
176
55
0
0
49
64
0
0
0
4
0
0
16
0
0
0
36
64
42
0
235
95
194
100
5
1
65
0
15
1
2
0
0
64
0
0
160
1
0
0
5
64
0
0
32
0
0
0
4
64
0
0
16
0
0
0
6
64
0
0
16
0
0
0
20
1
1
0
31
1
1
0
16
64
0
0
192
0
0
0
19
1
0
0
21
64
0
0
1
0
0
0
20
64
0
0
1
0
0
0
22
64
0
0
1
0
0
0
24
1
250
255
32
64
0
0
144
54
0
0
33
64
0
0
32
1
0
0
34
64
0
0
240
53
0
0
35
64
0
0
160
0
0
0
37
1
132
0
21
1
3
0
23
1
15
0
36
1
0
2
17
0
0
0
2
0
0
0
36
64
40
0
163
39
242
99
5
1
1
0
15
1
1
0
0
64
0
0
144
0
0
0
4
1
47
0
5
64
0
0
48
0
0
0
4
64
0
0
48
0
0
0
6
64
0
0
1
0
0
0
9
1
128
255
31
1
2
0
16
64
0
0
0
0
0
0
19
1
143
0
21
64
0
0
144
0
0
0
20
64
0
0
144
0
0
0
24
1
9
0
32
64
0
0
80
62
0
0
33
64
0
0
32
36
0
0
34
64
0
0
176
56
0
0
35
64
0
0
160
5
0
0
37
1
0
0
23
1
143
0
47
1
7
0
2
0
0
0
0
64
0
0
96
0
0
0
4
1
41
0
5
64
0
0
42
0
0
0
4
64
0
0
42
0
0
0
9
1
14
0
20
1
1
1
16
64
0
0
192
0
0
0
19
1
41
0
21
64
0
0
90
0
0
0
20
64
0
0
90
0
0
0
24
1
14
0
36
64
30
32
1
0
0
64
21
1
1
0
23
1
47
0
36
1
0
1
5
0
3
0
5
1
65
0
15
1
2
0
0
64
0
0
160
1
0
0
4
1
23
0
5
64
0
0
32
0
0
0
4
64
0
0
16
0
0
0
6
64
0
0
16
0
0
0
9
1
255
255
20
1
65
1
16
64
0
0
16
1
0
0
19
1
23
0
21
64
0
0
32
0
0
0
20
64
0
0
16
0
0
0
22
64
0
0
16
0
0
0
36
64
35
0
86
145
132
72
23
1
31
0
5
0
3
0
0
64
0
0
16
1
0
0
9
1
14
0
20
1
1
1
16
64
0
0
168
0
0
0
21
64
0
0
90
0
0
0
20
64
0
0
90
0
0
0
22
64
0
0
1
0
0
0
36
64
30
32
1
0
0
64
47
1
0
0
5
0
3
0
0
64
0
0
240
0
0
0
9
1
0
0
20
1
65
1
16
64
0
0
16
1
0
0
21
64
0
0
32
0
0
0
20
64
0
0
16
0
0
0
22
64
0
0
16
0
0
0
36
64
35
0
125
12
60
72
47
1
7
0
5
0
3
0
0
64
0
0
16
1
0
0
9
1
14
0
20
1
1
1
16
64
0
0
144
0
0
0
21
64
0
0
90
0
0
0
20
64
0
0
90
0
0
0
22
64
0
0
1
0
0
0
36
64
30
32
1
0
0
64
47
1
0
0
5
0
3
0
36
64
38
0
233
236
43
123
5
1
1
0
0
64
0
0
144
0
0
0
4
1
89
0
5
64
0
0
90
0
0
0
4
64
0
0
90
0
0
0
6
64
0
0
1
0
0
0
20
1
1
0
16
64
0
0
240
0
0
0
19
1
143
0
21
64
0
0
144
0
0
0
20
64
0
0
144
0
0
0
24
1
5
0
32
64
0
0
16
104
0
0
33
64
0
0
32
72
0
0
34
64
0
0
112
98
0
0
21
1
3
0
23
1
143
0
36
1
0
2
2
0
0
0
48
64
0
0
48
176
0
0
49
64
0
0
0
5
0
0
16
0
0
0
37
64
12
5
53
88
247
119
36
64
50
0
137
178
133
119
5
1
1
0
15
1
2
0
0
64
0
0
32
1
0
0
1
64
0
0
0
0
0
0
2
64
0
0
0
0
0
0
3
64
0
0
0
0
0
0
11
1
0
0
12
1
0
0
10
1
0
0
4
1
47
0
5
64
0
0
144
0
0
0
4
64
0
0
144
0
0
0
6
64
0
0
1
0
0
0
9
1
5
0
20
1
65
129
31
1
0
0
19
1
47
0
24
1
4
0
37
1
164
0
133
1
1
0
143
1
2
0
128
64
0
0
48
0
0
0
129
64
0
0
0
0
0
0
130
64
0
0
0
0
0
0
131
64
0
0
0
0
0
0
139
1
0
0
140
1
0
0
138
1
0
0
133
64
0
0
144
0
0
0
132
64
0
0
144
0
0
0
134
64
0
0
1
0
0
0
137
1
9
0
21
1
41
0
23
1
47
0
36
1
0
1
17
0
0
0
6
0
1
0
37
64
0
0
1
0
0
0
38
64
0
0
1
0
0
0
36
64
38
0
0
196
47
92
5
1
65
128
15
1
0
0
9
1
128
255
20
1
65
1
31
1
2
0
16
64
0
0
144
0
0
0
21
64
0
0
48
0
0
0
20
64
0
0
16
0
0
0
22
64
0
0
16
0
0
0
24
1
26
0
37
1
0
0
133
1
1
0
143
1
2
0
128
64
0
0
96
0
0
0
129
64
0
0
0
0
0
0
130
64
0
0
0
0
0
0
131
64
0
0
0
0
0
0
139
1
0
0
140
1
0
0
138
1
0
0
133
64
0
0
144
0
0
0
132
64
0
0
144
0
0
0
134
64
0
0
1
0
0
0
137
1
9
0
6
0
0
0
37
64
11
5
0
0
0
64
38
64
12
5
141
110
208
94
36
64
49
0
146
161
60
109
5
1
1
0
15
1
2
0
0
64
0
0
80
1
0
0
1
64
0
0
0
0
0
0
2
64
0
0
0
0
0
0
3
64
0
0
0
0
0
0
11
1
0
0
12
1
0
0
10
1
0
0
5
64
0
0
144
0
0
0
4
64
0
0
144
0
0
0
6
64
0
0
1
0
0
0
9
1
5
0
20
1
65
1
24
1
128
255
133
1
65
0
143
1
2
0
128
64
0
0
144
0
0
0
129
64
0
0
0
0
0
0
130
64
0
0
0
0
0
0
131
64
0
0
0
0
0
0
139
1
0
0
140
1
0
0
138
1
0
0
133
64
0
0
48
0
0
0
132
64
0
0
16
0
0
0
134
64
0
0
16
0
0
0
137
1
26
0
6
0
1
0
48
64
0
0
48
177
0
0
49
64
0
0
0
6
0
0
16
0
0
0
37
64
12
5
53
88
247
119
38
64
11
5
0
0
0
64
36
64
50
0
135
160
231
94
0
64
0
0
240
0
0
0
31
1
1
0
16
64
0
0
240
0
0
0
24
1
2
0
37
1
196
0
133
1
1
0
128
64
0
0
0
0
0
0
133
64
0
0
144
0
0
0
132
64
0
0
144
0
0
0
134
64
0
0
1
0
0
0
137
1
9
0
47
1
7
0
17
0
0
0
6
0
1
0
37
64
11
5
0
0
0
64
38
64
13
5
8
0
0
127
36
64
48
0
190
128
64
64
5
1
1
192
9
1
0
0
20
1
65
129
31
1
0
0
24
1
128
255
37
1
0
0
133
1
65
0
143
1
1
0
128
64
0
0
240
0
0
0
129
64
0
0
0
0
0
0
130
64
0
0
0
0
0
0
131
64
0
0
0
0
0
0
139
1
0
0
140
1
0
0
138
1
0
0
133
64
0
0
48
0
0
0
132
64
0
0
16
0
0
0
134
64
0
0
16
0
0
0
137
1
128
255
8
1
8
0
47
1
0
0
6
0
2
0
37
64
0
0
1
0
0
0
38
64
0
0
1
0
0
0
36
64
38
0
0
16
230
90
5
1
65
128
15
1
0
0
9
1
128
255
20
1
65
1
31
1
2
0
16
64
0
0
0
0
0
0
133
1
65
0
143
1
2
0
128
64
0
0
144
0
0
0
129
64
0
0
0
0
0
0
130
64
0
0
0
0
0
0
131
64
0
0
0
0
0
0
139
1
0
0
140
1
0
0
138
1
0
0
133
64
0
0
48
0
0
0
132
64
0
0
16
0
0
0
134
64
0
0
16
0
0
0
137
1
128
255
8
1
0
0
6
0
0
0
36
64
37
0
0
205
61
72
5
1
65
0
15
1
1
0
0
64
0
0
240
0
0
0
1
64
0
0
0
0
0
0
2
64
0
0
0
0
0
0
3
64
0
0
0
0
0
0
11
1
0
0
12
1
0
0
10
1
0
0
5
64
0
0
48
0
0
0
4
64
0
0
16
0
0
0
6
64
0
0
16
0
0
0
9
1
128
255
20
1
65
129
31
1
0
0
133
1
1
0
143
1
1
0
128
64
0
0
144
0
0
0
129
64
0
0
0
0
0
0
130
64
0
0
0
0
0
0
131
64
0
0
0
0
0
0
139
1
0
0
140
1
0
0
138
1
0
0
133
64
0
0
48
0
0
0
132
64
0
0
48
0
0
0
134
64
0
0
1
0
0
0
137
1
128
255
6
0
0
0
37
64
13
5
108
51
102
113
38
64
11
5
0
0
0
64
36
64
50
0
28
134
255
127
5
1
65
128
15
1
0
0
9
1
128
255
20
1
65
1
31
1
2
0
16
64
0
0
48
0
0
0
133
1
65
0
143
1
2
0
128
64
0
0
0
0
0
0
129
64
0
0
0
0
0
0
130
64
0
0
0
0
0
0
131
64
0
0
0
0
0
0
139
1
0
0
140
1
0
0
138
1
0
0
133
64
0
0
48
0
0
0
132
64
0
0
16
0
0
0
134
64
0
0
16
0
0
0
137
1
128
255
6
0
1
0
5
1
65
0
15
1
2
0
0
64
0
0
48
0
0
0
1
64
0
0
0
0
0
0
2
64
0
0
0
0
0
0
3
64
0
0
0
0
0
0
11
1
0
0
12
1
0
0
10
1
0
0
5
64
0
0
48
0
0
0
4
64
0
0
16
0
0
0
6
64
0
0
16
0
0
0
9
1
128
255
20
1
1
1
31
1
1
0
16
64
0
0
240
0
0
0
20
64
0
0
48
0
0
0
22
64
0
0
1
0
0
0
36
64
30
32
1
0
0
64
21
1
1
0
5
0
3
0
36
64
42
0
232
192
34
89
5
1
1
0
15
1
1
0
0
64
0
0
0
0
0
0
4
1
95
0
5
64
0
0
96
0
0
0
4
64
0
0
96
0
0
0
6
64
0
0
1
0
0
0
9
1
255
255
20
1
1
0
31
1
2
0
16
64
0
0
0
0
0
0
19
1
31
1
21
64
0
0
32
1
0
0
20
64
0
0
32
1
0
0
24
1
254
255
32
64
0
0
112
189
0
0
33
64
0
0
32
144
0
0
34
64
0
0
48
178
0
0
35
64
0
0
64
11
0
0
21
1
3
0
23
1
31
1
36
1
0
2
47
1
7
0
2
0
0
0
0
64
0
0
96
0
0
0
4
1
41
0
5
64
0
0
42
0
0
0
4
64
0
0
42
0
0
0
9
1
14
0
20
1
1
1
16
64
0
0
104
1
0
0
19
1
41
0
21
64
0
0
114
0
0
0
20
64
0
0
114
0
0
0
24
1
14
0
36
64
30
32
1
0
0
64
21
1
1
0
23
1
47
0
36
1
0
1
5
0
3
0
0
64
0
0
240
0
0
0
4
1
47
0
5
64
0
0
48
0
0
0
4
64
0
0
48
0
0
0
9
1
128
255
20
1
65
1
16
64
0
0
192
1
0
0
19
1
47
0
21
64
0
0
48
0
0
0
20
64
0
0
16
0
0
0
22
64
0
0
16
0
0
0
36
64
33
0
202
192
209
110
5
0
3
0
5
1
65
0
15
1
2
0
0
64
0
0
192
1
0
0
4
64
0
0
16
0
0
0
6
64
0
0
16
0
0
0
9
1
14
0
20
1
1
1
16
64
0
0
56
1
0
0
21
64
0
0
114
0
0
0
20
64
0
0
114
0
0
0
22
64
0
0
1
0
0
0
36
64
30
32
1
0
0
64
47
1
0
0
5
0
3
0
0
64
0
0
160
1
0
0
4
1
23
0
5
64
0
0
32
0
0
0
9
1
255
255
20
1
65
1
16
64
0
0
192
1
0
0
19
1
23
0
21
64
0
0
32
0
0
0
20
64
0
0
16
0
0
0
22
64
0
0
16
0
0
0
36
64
35
0
86
145
132
72
23
1
31
0
47
1
7
0
5
0
3
0
0
64
0
0
192
1
0
0
9
1
14
0
20
1
1
1
16
64
0
0
32
1
0
0
21
64
0
0
114
0
0
0
20
64
0
0
114
0
0
0
22
64
0
0
1
0
0
0
36
64
30
32
1
0
0
64
47
1
0
0
5
0
3
0
36
64
38
0
232
109
56
76
5
1
1
0
0
64
0
0
32
1
0
0
4
1
113
0
5
64
0
0
114
0
0
0
4
64
0
0
114
0
0
0
6
64
0
0
1
0
0
0
20
1
1
0
16
64
0
0
160
1
0
0
19
1
31
1
21
64
0
0
32
1
0
0
20
64
0
0
32
1
0
0
24
1
1
0
32
64
0
0
208
88
1
0
34
64
0
0
144
77
1
0
21
1
3
0
23
1
31
1
36
1
0
2
2
0
0
0
48
64
0
0
240
232
1
0
49
64
0
0
0
7
0
0
16
0
0
0
37
64
11
5
0
0
0
64
38
64
13
5
245
76
5
124
36
64
50
0
61
234
212
123
5
1
1
0
15
1
2
0
0
64
0
0
0
2
0
0
1
64
0
0
0
0
0
0
2
64
0
0
0
0
0
0
3
64
0
0
0
0
0
0
11
1
0
0
12
1
0
0
10
1
0
0
4
1
95
0
5
64
0
0
32
1
0
0
4
64
0
0
32
1
0
0
6
64
0
0
1
0
0
0
9
1
1
0
20
1
65
129
31
1
0
0
19
1
95
0
24
1
245
255
37
1
228
0
133
1
1
0
143
1
2
0
128
64
0
0
96
0
0
0
129
64
0
0
0
0
0
0
130
64
0
0
0
0
0
0
131
64
0
0
0
0
0
0
139
1
0
0
140
1
0
0
138
1
0
0
133
64
0
0
32
1
0
0
132
64
0
0
32
1
0
0
134
64
0
0
1
0
0
0
137
1
254
255
21
1
21
0
23
1
95
0
36
1
0
1
17
0
0
0
6
0
1
0
37
64
0
0
1
0
0
0
38
64
0
0
1
0
0
0
36
64
38
0
128
203
209
74
5
1
65
128
15
1
0
0
9
1
128
255
20
1
65
1
31
1
2
0
16
64
0
0
32
1
0
0
21
64
0
0
96
0
0
0
20
64
0
0
16
0
0
0
22
64
0
0
16
0
0
0
24
1
254
255
37
1
0
0
133
1
1
0
143
1
2
0
128
64
0
0
192
0
0
0
129
64
0
0
0
0
0
0
130
64
0
0
0
0
0
0
131
64
0
0
0
0
0
0
139
1
0
0
140
1
0
0
138
1
0
0
133
64
0
0
32
1
0
0
132
64
0
0
32
1
0
0
134
64
0
0
1
0
0
0
137
1
254
255
6
0
0
0
48
64
0
0
240
233
1
0
49
64
0
0
0
0
0
0
16
0
0
0
37
64
11
5
0
0
0
64
38
64
13
5
219
23
22
106
36
64
49
0
17
103
72
84
5
1
1
0
15
1
2
0
0
64
0
0
96
2
0
0
1
64
0
0
0
0
0
0
2
64
0
0
0
0
0
0
3
64
0
0
0
0
0
0
11
1
0
0
12
1
0
0
10
1
0
0
5
64
0
0
32
1
0
0
4
64
0
0
32
1
0
0
6
64
0
0
1
0
0
0
9
1
1
0
20
1
65
1
24
1
0
0
37
1
4
0
133
1
65
0
143
1
2
0
128
64
0
0
32
1
0
0
129
64
0
0
0
0
0
0
130
64
0
0
0
0
0
0
131
64
0
0
0
0
0
0
139
1
0
0
140
1
0
0
138
1
0
0
133
64
0
0
96
0
0
0
132
64
0
0
16
0
0
0
134
64
0
0
16
0
0
0
137
1
254
255
17
0
0
0
6
0
1
0
48
64
0
0
240
234
1
0
49
64
0
0
0
1
0
0
16
0
0
0
38
64
13
5
245
76
5
124
36
64
49
0
236
105
65
68
0
64
0
0
160
1
0
0
31
1
1
0
16
64
0
0
96
0
0
0
24
1
3
0
37
1
36
0
133
1
1
0
128
64
0
0
0
0
0
0
133
64
0
0
32
1
0
0
132
64
0
0
32
1
0
0
134
64
0
0
1
0
0
0
47
1
7
0
17
0
0
0
6
0
1
0
38
64
13
5
8
0
0
127
36
64
48
0
190
128
64
64
5
1
1
192
9
1
0
0
20
1
65
129
31
1
0
0
24
1
128
255
37
1
0
0
133
1
65
0
143
1
1
0
128
64
0
0
96
0
0
0
129
64
0
0
0
0
0
0
130
64
0
0
0
0
0
0
131
64
0
0
0
0
0
0
139
1
0
0
140
1
0
0
138
1
0
0
133
64
0
0
96
0
0
0
132
64
0
0
16
0
0
0
134
64
0
0
16
0
0
0
137
1
128
255
8
1
8
0
47
1
0
0
6
0
2
0
37
64
0
0
1
0
0
0
38
64
0
0
1
0
0
0
36
64
38
0
128
1
0
64
5
1
65
128
15
1
0
0
9
1
128
255
20
1
65
1
31
1
2
0
16
64
0
0
0
0
0
0
24
1
255
255
133
1
65
0
143
1
2
0
128
64
0
0
32
1
0
0
129
64
0
0
0
0
0
0
130
64
0
0
0
0
0
0
131
64
0
0
0
0
0
0
139
1
0
0
140
1
0
0
138
1
0
0
133
64
0
0
96
0
0
0
132
64
0
0
16
0
0
0
134
64
0
0
16
0
0
0
137
1
0
0
8
1
0
0
6
0
0
0
36
64
38
0
128
112
1
64
5
1
65
0
15
1
1
0
0
64
0
0
96
0
0
0
1
64
0
0
0
0
0
0
2
64
0
0
0
0
0
0
3
64
0
0
0
0
0
0
11
1
0
0
12
1
0
0
10
1
0
0
5
64
0
0
96
0
0
0
4
64
0
0
16
0
0
0
6
64
0
0
16
0
0
0
9
1
128
255
20
1
65
129
31
1
0
0
133
1
1
0
143
1
1
0
128
64
0
0
0
0
0
0
129
64
0
0
0
0
0
0
130
64
0
0
0
0
0
0
131
64
0
0
0
0
0
0
139
1
0
0
140
1
0
0
138
1
0
0
133
64
0
0
96
0
0
0
132
64
0
0
96
0
0
0
134
64
0
0
1
0
0
0
137
1
255
255
6
0
0
0
37
64
12
5
227
31
253
127
38
64
11
5
0
0
0
64
36
64
50
0
3
253
255
127
5
1
65
128
15
1
0
0
9
1
255
255
20
1
65
1
31
1
2
0
16
64
0
0
96
0
0
0
133
1
65
0
143
1
2
0
128
64
0
0
0
0
0
0
129
64
0
0
0
0
0
0
130
64
0
0
0
0
0
0
131
64
0
0
0
0
0
0
139
1
0
0
140
1
0
0
138
1
0
0
133
64
0
0
96
0
0
0
132
64
0
0
16
0
0
0
134
64
0
0
16
0
0
0
137
1
255
255
6
0
1
0
5
1
65
0
15
1
2
0
0
64
0
0
96
0
0
0
1
64
0
0
0
0
0
0
2
64
0
0
0
0
0
0
3
64
0
0
0
0
0
0
11
1
0
0
12
1
0
0
10
1
0
0
5
64
0
0
96
0
0
0
4
64
0
0
16
0
0
0
6
64
0
0
16
0
0
0
9
1
255
255
20
1
1
1
31
1
1
0
16
64
0
0
0
0
0
0
20
64
0
0
96
0
0
0
22
64
0
0
1
0
0
0
36
64
30
32
1
0
0
64
21
1
1
0
5
0
3
0
48
64
0
0
80
249
1
0
49
64
0
0
0
2
0
0
16
0
0
0
36
64
41
0
189
5
173
73
5
1
1
0
15
1
1
0
0
64
0
0
0
0
0
0
4
64
0
0
96
0
0
0
6
64
0
0
1
0
0
0
20
1
1
0
16
64
0
0
96
0
0
0
19
1
21
0
21
64
0
0
22
0
0
0
20
64
0
0
22
0
0
0
24
1
208
255
32
64
0
0
48
237
1
0
33
64
0
0
32
12
0
0
34
64
0
0
240
235
1
0
35
64
0
0
64
1
0
0
37
1
68
0
21
1
3
0
23
1
23
0
36
1
0
2
17
0
0
0
2
0
0
0
0
0
255
255
