72
180
169
90
203
160
11
90
74
99
175
77
56
167
255
177
55
186
3
114
80
12
30
74
104
100
228
158
244
168
180
251
81
238
253
206
52
191
40
15
219
228
62
189
218
16
213
140
176
95
15
5
124
150
221
94
183
208
1
38
142
78
99
198
244
104
105
25
170
250
69
150
207
187
123
90
49
134
37
60
10
128
155
243
10
94
112
132
42
26
95
62
179
210
18
57
148
46
193
115
53
147
202
170
5
227
123
120
113
135
150
252
126
21
34
1
27
75
111
245
136
35
151
37
32
37
157
8
203
151
253
78
31
168
136
177
12
182
64
138
13
199
210
191
18
154
224
151
106
142
87
78
2
4
40
49
67
92
213
114
231
168
92
12
91
42
122
66
229
132
177
145
47
109
65
239
189
248
1
4
208
80
20
187
16
43
56
202
191
197
165
114
30
215
99
1
10
24
9
25
209
143
203
173
237
154
19
87
48
148
103
211
37
18
240
204
139
238
41
174
31
89
159
33
117
245
105
141
24
153
118
249
160
155
72
217
6
207
87
182
197
253
151
240
175
1
11
47
160
141
2
135
209
245
182
47
17
20
246
162
34
197
245
122
57
129
31
66
0
207
151
100
189
120
207
171
194
22
217
171
115
164
62
191
54
229
169
98
91
218
21
195
35
204
192
136
124
136
88
100
66
92
208
147
144
149
169
140
181
197
209
103
237
187
56
202
163
44
159
136
74
238
239
193
214
24
46
61
126
94
57
116
3
90
115
216
111
174
83
44
123
178
33
84
142
222
69
211
90
29
152
108
157
51
98
245
50
0
182
106
249
237
105
95
138
122
54
241
171
198
190
106
156
111
127
33
162
251
251
75
52
97
60
136
185
110
10
208
31
67
43
48
30
120
127
41
193
182
113
86
152
140
117
113
252
181
233
68
176
92
90
236
195
10
218
126
65
243
30
107
82
191
110
160
178
95
15
244
118
28
116
109
118
208
229
7
84
193
194
6
181
190
31
174
127
135
10
221
47
109
151
179
130
117
29
172
15
114
131
125
163
159
191
95
246
176
158
8
177
0
218
169
65
211
27
86
251
193
200
16
240
249
237
188
152
106
156
69
166
48
32
35
182
26
49
18
175
114
216
216
150
216
96
105
217
157
202
79
186
117
48
171
216
216
166
13
62
60
50
216
210
84
236
130
219
167
128
57
179
57
125
105
147
0
96
237
101
48
227
208
37
37
252
45
145
110
182
60
27
134
250
147
127
89
53
57
95
94
120
232
69
67
223
33
205
100
45
80
255
255
221
87
69
18
210
232
53
10
249
186
56
244
47
51
187
213
54
68
183
32
248
17
117
0
134
55
31
47
113
246
175
80
208
62
174
73
62
193
35
18
166
65
75
235
14
168
54
188
131
55
5
174
147
80
109
103
199
6
158
156
64
195
17
60
55
208
64
11
220
137
207
70
140
171
180
239
185
206
182
128
248
71
4
5
19
199
162
109
58
25
123
239
47
196
107
41
143
204
186
247
33
80
62
37
152
245
63
50
11
218
209
60
190
160
210
34
125
253
149
107
109
48
171
221
195
230
106
102
36
7
43
116
228
168
85
232
189
151
187
153
75
26
114
112
59
212
250
15
10
71
24
28
186
150
145
103
59
155
14
111
181
192
143
210
66
60
83
1
67
209
237
176
239
132
215
152
80
238
80
8
87
198
166
0
211
230
43
80
208
124
110
183
6
164
106
94
2
78
16
35
223
95
116
19
237
71
236
8
219
48
62
94
75
124
8
131
53
220
42
80
117
155
45
150
40
8
33
147
83
89
64
224
23
246
11
180
36
126
174
200
28
30
195
206
215
174
204
18
174
140
188
141
69
90
65
129
108
249
23
123
102
173
51
10
186
153
154
161
242
185
113
247
202
237
231
143
232
57
104
162
34
123
138
129
222
52
68
138
190
151
236
45
122
28
6
72
184
41
156
115
153
226
51
122
150
42
104
83
187
165
88
223
58
100
27
52
28
21
238
212
40
187
118
242
63
239
157
69
95
29
118
177
138
60
140
186
202
164
235
159
2
1
18
164
167
148
139
235
35
115
40
202
75
36
84
27
2
23
162
181
65
249
221
211
166
189
112
39
40
245
196
5
53
151
132
193
196
215
101
180
48
179
188
116
138
84
97
158
68
224
167
16
26
16
181
7
150
7
68
84
240
172
184
103
198
175
246
110
196
167
81
247
60
93
143
105
100
86
50
100
11
128
190
236
116
11
196
52
246
196
113
239
218
104
102
125
38
115
43
46
115
146
203
218
24
199
86
178
77
212
211
66
38
255
242
28
228
156
109
84
169
185
74
59
167
203
38
188
135
213
0
115
129
187
253
144
251
41
197
80
84
79
126
140
103
230
130
84
59
66
177
209
63
189
192
129
54
22
96
3
215
137
28
88
35
194
122
223
111
198
148
3
39
0
64
192
180
191
130
165
168
230
15
171
58
242
2
1
166
6
125
231
23
64
139
129
75
151
207
61
91
28
71
166
234
248
39
159
137
186
125
66
252
38
181
82
199
55
20
173
41
81
141
210
89
203
91
19
216
87
22
3
205
11
134
123
122
130
177
16
213
71
185
226
182
254
252
6
142
210
156
78
129
11
78
177
194
187
78
46
77
66
194
242
36
87
49
67
125
176
192
151
162
199
40
241
191
59
84
71
147
242
148
226
71
153
127
60
150
236
111
103
203
80
178
23
79
113
8
63
10
245
210
168
169
251
49
163
83
19
40
129
137
17
162
218
6
127
98
244
26
223
248
81
188
30
222
128
203
196
207
125
7
166
62
135
228
151
220
236
238
116
43
4
232
51
19
111
247
180
123
51
233
135
216
125
233
174
75
35
181
74
106
40
72
3
19
26
86
217
180
195
43
232
0
233
21
30
249
145
87
39
86
52
81
24
232
51
250
86
14
43
232
23
156
233
187
135
210
201
212
122
119
242
223
233
96
172
193
111
89
204
210
55
31
147
136
240
26
61
205
103
147
50
193
150
133
120
196
221
123
36
67
236
11
209
14
123
181
188
82
15
247
154
25
30
201
122
235
246
173
59
133
250
82
126
63
155
209
177
169
6
234
70
217
179
244
2
29
131
25
235
80
237
25
122
35
230
206
111
246
100
253
153
200
229
145
211
220
31
6
108
42
243
202
173
136
129
200
212
129
27
148
156
163
65
28
79
6
48
151
209
124
208
102
21
25
103
42
223
214
188
131
176
239
17
224
50
198
251
51
112
245
189
124
208
210
166
107
158
232
227
71
22
32
55
236
177
24
195
108
92
228
120
210
193
34
22
108
1
90
152
44
130
161
218
201
220
126
70
157
146
35
209
218
193
244
173
56
173
199
15
178
66
64
44
169
4
152
32
97
115
194
220
218
1
152
137
180
232
153
69
18
170
203
34
11
51
171
155
213
42
206
30
207
20
92
132
214
18
35
232
198
18
29
234
100
111
89
40
89
46
9
42
156
226
3
157
122
171
177
166
97
253
231
26
111
129
159
234
5
250
26
65
53
229
128
195
83
21
100
177
228
156
246
202
255
251
48
20
55
56
188
130
165
134
55
146
69
209
226
182
160
94
26
51
74
195
210
71
224
210
192
226
58
106
6
77
164
206
15
41
194
147
125
219
152
70
127
115
168
67
88
67
201
146
190
36
35
118
125
34
138
131
157
234
31
236
220
236
248
176
96
240
126
222
151
211
98
41
237
84
229
117
166
203
107
244
62
182
1
23
132
53
67
136
254
104
0
175
158
56
249
164
210
192
13
113
228
133
36
215
62
174
245
238
190
152
30
202
196
194
137
117
77
47
212
201
247
100
239
92
244
79
35
91
79
23
115
35
209
110
110
119
118
49
238
85
131
232
37
42
245
74
122
164
105
0
179
212
21
101
196
160
211
18
141
209
159
5
192
160
247
141
201
233
129
206
47
110
132
41
236
164
225
232
188
40
31
155
128
12
224
74
103
98
53
145
216
29
125
196
152
76
33
130
123
5
202
106
198
70
49
48
164
58
150
201
153
222
228
106
56
42
63
115
248
72
129
122
15
57
239
105
179
11
4
176
93
194
64
199
26
212
86
56
147
154
188
92
95
34
4
1
90
128
46
92
246
195
5
9
240
101
186
217
179
123
1
230
160
109
195
191
21
2
146
224
181
222
172
166
102
207
22
197
14
76
109
139
177
10
65
226
153
51
233
54
131
199
180
240
221
193
246
134
248
17
103
69
101
210
217
107
154
71
70
136
143
137
154
32
90
50
216
190
230
19
214
60
148
207
132
20
205
211
113
220
134
126
209
147
166
214
245
44
150
165
184
55
221
209
255
8
139
7
234
74
197
21
212
199
69
180
37
94
244
2
14
75
192
22
161
183
98
186
6
26
51
22
154
188
185
48
55
181
117
250
50
30
231
194
56
63
138
104
22
217
8
165
89
136
154
88
48
18
236
22
123
69
196
99
29
159
23
226
156
224
131
115
33
231
218
181
63
106
52
36
197
124
215
124
179
155
76
24
160
103
37
188
166
246
246
41
45
193
196
20
58
121
233
58
155
164
187
182
215
147
135
65
58
162
237
22
241
131
14
172
160
184
37
212
34
172
80
123
95
59
111
233
34
160
192
107
146
75
184
223
194
229
82
245
194
45
187
49
148
127
173
63
232
88
242
210
250
52
108
147
27
105
166
172
145
24
111
43
60
60
85
101
219
183
201
83
65
235
162
214
119
106
95
1
132
106
201
185
37
141
102
214
206
93
46
230
168
5
17
29
35
154
219
189
60
28
9
178
67
29
8
68
68
47
207
10
161
252
136
206
77
10
231
178
246
242
62
69
82
131
209
2
182
135
191
235
34
114
194
126
84
3
173
161
100
86
206
189
32
230
217
39
48
164
79
120
160
121
182
167
80
2
198
150
250
4
131
166
143
218
89
207
218
104
212
14
234
55
162
214
201
98
183
159
141
138
226
140
4
172
69
239
92
4
195
196
162
74
51
98
194
198
83
59
253
147
150
160
89
177
0
245
10
221
17
91
171
116
153
38
190
55
111
134
170
161
49
57
111
211
53
193
34
255
71
108
223
89
238
115
82
151
21
230
152
229
200
250
71
28
186
6
104
57
194
242
191
132
219
192
173
165
131
155
76
203
84
98
21
119
65
191
147
59
133
96
88
173
238
97
117
151
73
47
83
236
135
25
72
196
213
116
141
30
96
87
181
181
30
198
207
201
122
59
176
127
196
86
52
14
211
231
243
72
30
66
211
129
180
70
5
123
217
251
141
169
141
22
212
27
237
157
54
107
27
247
220
212
245
210
234
178
169
110
164
171
208
41
43
77
36
246
228
233
78
180
39
155
248
148
143
212
69
253
36
137
29
239
119
249
148
131
249
248
34
95
206
234
91
145
200
152
130
6
69
219
157
164
139
162
2
159
47
196
70
59
40
128
237
37
141
166
231
213
68
172
216
197
225
68
72
120
41
173
180
58
110
101
62
112
16
116
53
89
231
58
242
14
232
88
255
210
108
100
228
106
193
239
131
42
250
232
121
75
9
15
242
105
159
96
205
122
228
188
236
215
112
105
69
62
142
49
76
212
142
45
123
255
131
205
30
121
54
46
251
187
172
149
224
234
192
160
75
10
210
116
68
148
65
159
8
21
12
135
133
148
113
136
243
109
214
39
27
24
12
28
12
29
213
21
167
21
155
148
135
156
174
30
122
117
225
122
67
201
123
90
159
166
109
211
184
57
15
208
204
55
113
157
108
88
173
190
71
6
125
93
77
154
34
208
190
106
47
180
224
100
168
71
210
207
249
83
105
135
207
5
141
220
45
168
130
183
72
121
223
221
24
32
9
190
136
46
244
216
54
235
90
183
163
130
232
19
76
138
161
60
184
236
25
48
81
191
172
109
178
115
130
196
237
5
100
117
200
138
153
207
22
15
192
2
40
244
192
49
63
26
224
59
158
169
58
53
240
173
211
35
46
20
40
90
18
201
156
112
49
249
218
94
93
205
247
125
96
28
76
89
176
20
77
113
22
211
54
29
147
53
38
110
21
122
47
18
32
74
80
13
36
41
3
66
223
167
46
19
147
226
111
58
237
99
108
89
68
182
27
197
87
88
255
0
149
198
184
197
84
245
250
105
217
109
7
45
100
191
182
198
122
113
69
89
19
146
38
240
6
227
90
240
250
84
40
182
156
89
17
169
191
236
112
180
225
205
32
207
99
152
8
41
204
168
147
171
162
42
71
48
233
154
153
123
231
111
161
10
59
232
28
154
246
112
239
43
2
152
14
184
94
100
124
178
5
69
230
9
141
124
142
12
176
176
105
76
120
130
109
243
183
6
6
10
235
123
28
58
253
104
8
229
217
47
85
103
42
107
133
113
17
122
119
36
134
87
43
181
100
35
16
57
20
252
140
205
138
173
104
173
79
68
202
24
240
77
46
173
68
42
105
235
226
131
25
82
122
250
173
195
219
21
71
68
53
222
54
177
170
191
193
170
76
144
41
208
16
195
55
253
176
173
105
153
4
195
56
205
251
224
48
83
61
127
71
79
255
0
137
57
39
15
81
45
21
71
153
98
199
65
69
74
6
242
225
85
115
125
26
13
52
101
249
199
157
59
46
48
77
12
111
253
10
16
80
41
40
100
133
125
180
33
183
129
225
55
160
107
156
88
110
36
22
192
199
1
33
96
121
16
45
67
146
132
206
97
221
41
190
155
202
233
210
216
18
78
86
95
244
64
205
209
169
220
91
186
175
240
17
251
197
52
173
48
93
216
204
125
98
170
91
202
180
60
215
195
251
43
39
145
0
84
241
138
78
39
208
171
72
144
243
154
135
255
37
227
78
138
74
139
98
3
131
161
10
141
194
4
171
128
99
49
129
91
94
144
140
39
254
150
41
133
60
24
65
204
231
254
