10
175
112
12
202
119
218
30
148
148
194
254
161
53
16
234
17
140
140
49
36
123
69
100
124
5
30
151
111
245
11
234
162
144
115
66
5
138
22
49
159
154
70
76
117
67
6
30
240
110
149
21
33
65
156
198
24
43
116
57
202
183
23
205
39
96
227
15
128
207
5
123
250
46
177
128
121
231
210
161
207
182
236
147
117
155
58
107
28
209
65
40
117
186
6
212
217
151
170
234
231
109
78
176
211
102
78
67
243
193
157
85
80
211
91
90
190
247
254
115
149
101
222
186
216
28
155
235
132
39
255
210
171
47
142
11
213
99
204
192
170
61
144
212
98
178
158
253
11
31
121
41
61
160
194
80
178
21
40
175
241
108
107
231
222
216
70
225
14
70
254
178
238
177
194
63
122
239
252
229
70
235
108
156
16
59
78
177
249
204
190
254
36
229
208
10
48
3
16
94
192
136
84
222
195
52
77
252
63
100
67
137
229
0
57
114
154
217
217
63
79
78
217
199
41
47
205
64
132
198
240
99
155
4
65
140
161
75
190
19
37
212
135
180
103
220
239
98
10
21
166
46
250
200
218
147
150
71
89
159
115
251
0
84
214
157
104
107
208
32
49
89
27
80
208
10
46
54
102
201
156
54
10
176
8
58
167
188
37
21
96
198
148
78
61
203
106
80
163
11
16
50
78
46
84
208
207
86
121
172
142
237
39
15
173
120
253
7
119
93
15
134
160
18
143
217
202
47
222
9
64
169
12
197
136
91
212
238
17
189
145
36
210
108
26
135
127
67
212
175
126
74
23
217
129
79
0
88
129
189
208
172
22
74
210
111
13
207
201
150
44
1
246
153
48
81
194
173
12
158
92
25
43
238
53
226
75
138
13
24
89
38
229
156
210
253
37
98
155
164
79
58
157
54
57
105
237
173
194
147
69
47
84
225
52
36
190
239
10
13
93
225
115
217
63
82
72
237
88
157
14
62
30
242
116
144
192
154
121
91
54
221
169
66
215
188
223
10
88
255
113
241
19
19
150
165
153
33
99
195
70
103
175
48
203
13
107
127
93
37
107
255
153
221
189
57
104
13
181
75
219
97
127
206
115
115
156
191
124
210
200
88
192
105
86
68
254
104
167
104
153
126
48
252
156
29
0
14
166
27
92
94
206
235
190
243
44
147
177
3
176
151
238
220
92
44
255
245
183
44
27
139
28
181
92
173
131
24
122
244
170
179
203
55
207
52
173
225
53
176
234
93
225
227
92
87
200
216
129
54
189
142
176
91
16
212
49
91
115
215
41
230
79
221
91
144
37
115
197
241
252
244
174
121
169
80
88
159
170
234
106
228
252
55
68
152
98
87
142
157
201
137
10
145
204
92
146
76
239
16
232
21
178
127
70
143
134
249
220
62
198
33
55
67
228
213
47
170
161
212
208
168
115
254
123
41
66
114
80
197
54
23
58
237
246
144
49
51
42
208
121
26
88
102
102
167
104
137
84
176
67
214
121
93
188
186
48
202
105
142
248
9
243
236
18
222
255
162
221
4
11
110
132
36
26
108
166
211
51
168
166
186
33
221
5
253
76
252
131
15
112
72
160
64
56
140
48
172
37
188
248
238
148
139
109
21
108
135
18
178
206
85
177
230
125
99
156
62
41
237
57
231
234
115
205
201
79
8
114
193
74
83
232
203
247
79
224
16
168
129
175
212
36
231
90
161
26
214
215
154
164
163
35
108
62
126
209
71
61
224
213
196
47
249
239
169
229
103
169
169
191
53
36
159
93
192
108
238
199
69
31
164
75
169
79
241
181
122
4
36
88
149
29
17
230
160
251
75
20
135
227
68
146
223
37
170
21
40
9
150
200
175
224
111
223
81
178
223
13
91
51
250
131
172
135
212
214
148
80
142
224
67
46
44
210
254
54
9
63
122
161
227
21
160
69
112
127
103
129
34
33
22
182
17
83
7
98
175
14
161
91
219
161
33
143
14
172
140
85
158
196
125
225
223
14
190
189
109
230
172
45
150
32
156
38
42
26
19
189
30
244
174
93
160
245
25
196
204
79
21
188
249
83
113
119
164
234
39
95
6
129
150
236
41
20
87
214
12
231
72
193
104
136
62
52
107
26
253
151
185
60
82
105
193
168
76
113
54
222
227
238
169
110
48
74
182
194
120
195
156
166
102
238
158
128
220
41
116
164
171
110
33
46
238
143
225
149
122
212
221
117
250
100
86
189
208
134
238
93
49
91
94
47
247
128
113
128
72
61
180
38
33
192
15
125
91
119
179
214
188
153
242
98
200
90
6
204
13
129
156
209
235
28
187
84
109
216
80
57
175
110
99
184
0
154
212
221
133
219
52
243
77
166
86
227
30
142
4
212
119
9
192
171
56
205
156
113
25
194
88
132
122
104
154
107
97
153
134
98
84
92
41
233
193
76
253
38
172
37
20
203
153
106
40
231
59
240
61
101
250
197
69
200
33
157
57
134
92
12
1
150
253
81
60
71
2
63
186
237
176
209
218
94
148
139
153
25
253
195
133
157
129
209
75
61
47
26
51
195
200
5
94
168
83
193
39
181
234
138
174
61
217
191
224
36
10
185
245
6
96
177
194
21
87
135
148
251
119
248
72
236
3
79
212
122
93
106
24
194
181
86
35
221
209
184
157
13
254
9
2
171
184
105
149
71
224
53
14
239
125
220
170
39
107
13
210
25
4
85
10
50
240
32
35
54
67
30
10
187
34
30
247
179
156
90
134
25
80
169
47
240
153
122
68
237
88
63
251
183
63
0
217
228
134
87
105
230
229
0
81
185
83
206
163
75
141
119
190
251
99
134
15
198
116
15
106
225
78
97
109
164
204
68
13
2
69
79
148
177
208
185
28
201
147
207
89
230
179
29
57
98
125
40
243
106
121
101
104
77
231
16
86
83
216
163
238
215
161
249
179
50
35
22
106
84
107
168
31
135
125
111
185
170
119
5
15
169
6
170
131
2
247
8
208
242
118
88
166
67
30
211
115
203
110
246
64
40
202
100
25
191
150
188
43
216
81
77
60
166
169
217
50
57
171
249
49
31
165
227
170
231
160
227
85
55
254
156
25
36
130
241
151
176
23
127
164
46
69
112
0
103
9
57
131
97
102
20
182
124
14
211
137
111
205
156
106
24
78
71
97
105
17
35
78
231
249
174
51
20
42
157
32
15
168
4
199
35
115
222
149
100
232
125
96
134
223
174
224
146
163
111
16
226
233
149
247
36
91
135
102
94
124
13
187
143
109
107
127
127
126
133
71
230
114
93
78
148
90
120
33
185
241
195
38
195
152
168
70
106
4
66
173
141
221
33
82
70
161
140
42
121
246
149
216
151
100
108
123
138
199
222
58
80
243
104
147
172
173
196
0
222
248
190
15
163
66
252
246
252
41
161
254
213
186
91
122
67
60
31
115
87
149
165
2
141
159
251
218
226
62
194
233
52
211
165
161
16
53
203
23
27
233
50
216
38
112
217
24
238
133
78
253
115
206
86
121
214
102
55
21
143
249
217
92
186
76
190
167
78
244
127
31
157
234
123
176
245
8
227
50
85
250
64
225
214
114
144
63
39
149
86
234
181
238
222
42
8
91
139
133
252
54
198
163
0
233
177
111
161
242
68
63
133
8
97
87
1
18
49
109
114
201
146
42
226
99
62
214
215
23
12
245
39
184
37
180
54
62
97
72
210
184
1
90
244
121
232
245
56
0
156
9
80
25
76
21
60
235
26
65
37
208
181
154
251
6
125
222
138
77
152
161
136
88
107
233
75
54
118
47
233
171
124
182
143
211
217
7
103
9
224
218
251
33
111
237
163
11
63
28
65
48
138
13
243
120
5
230
118
61
198
149
166
203
225
113
74
169
136
140
36
171
28
148
44
135
136
246
0
69
182
136
255
217
12
53
44
186
104
225
6
191
18
155
178
156
54
207
186
156
96
82
85
61
111
156
45
81
205
86
1
98
13
253
161
182
13
198
119
237
88
227
213
151
178
185
48
155
255
199
168
120
42
219
213
178
56
84
254
186
156
127
16
248
14
135
154
11
7
116
137
181
134
133
83
251
33
59
195
61
169
97
144
54
236
251
6
79
72
76
107
238
79
90
15
68
138
94
221
70
234
63
203
146
23
95
53
14
133
60
92
191
66
146
86
224
207
245
58
145
207
93
198
70
110
119
81
28
16
202
123
214
62
214
86
18
170
92
24
62
22
234
210
245
81
68
171
195
101
97
4
200
240
135
12
129
230
4
158
234
106
85
166
56
162
207
166
224
58
147
203
78
6
100
161
112
164
53
39
120
22
148
114
111
85
162
49
35
130
200
185
57
230
188
153
70
81
97
59
90
72
125
233
1
169
156
196
145
50
217
49
157
193
201
134
120
53
24
156
175
36
22
223
142
98
151
193
179
167
43
137
15
144
41
143
120
143
7
33
12
92
194
40
130
238
28
249
212
154
164
4
47
255
101
203
188
124
73
239
49
128
253
159
54
99
243
178
59
17
183
128
116
132
54
220
214
16
205
88
75
221
148
179
230
223
9
47
137
0
187
2
237
125
25
82
233
27
34
11
135
103
2
52
162
246
96
170
140
38
121
247
162
216
197
246
158
158
51
173
57
15
132
210
210
102
223
209
36
208
16
128
64
90
114
136
37
162
202
121
225
116
57
153
73
195
50
178
70
207
46
230
36
139
171
72
150
54
91
34
126
108
109
27
128
36
91
137
217
20
199
199
33
212
0
163
17
55
100
237
248
44
22
59
176
148
67
203
251
181
36
10
103
70
185
134
156
248
189
251
122
187
193
127
131
161
78
117
250
118
82
110
100
164
46
166
142
129
98
101
149
228
248
2
162
216
10
202
125
202
209
189
149
134
143
129
182
106
21
98
140
196
150
35
97
113
80
44
11
243
60
44
23
124
101
146
252
5
50
231
87
63
118
147
225
224
250
22
136
216
251
218
145
12
203
244
241
84
187
174
2
80
101
244
109
224
180
82
59
215
37
241
214
61
74
123
252
209
179
122
138
184
97
85
40
127
175
156
63
241
155
1
146
175
233
190
233
199
196
177
96
229
111
76
152
70
195
126
216
12
36
207
160
65
79
5
96
214
231
244
199
13
129
111
211
140
36
6
243
179
98
26
2
95
6
155
234
18
90
178
121
58
243
142
142
195
51
167
151
77
139
79
231
7
60
244
120
203
21
187
72
143
156
97
54
47
200
129
24
98
234
2
214
156
7
160
71
221
48
213
3
159
247
219
171
99
201
10
147
216
13
182
204
193
17
63
190
188
242
62
224
14
192
157
30
181
49
136
107
234
197
171
3
167
115
96
108
128
245
20
105
61
29
151
68
114
164
190
48
89
66
147
139
95
56
202
183
98
116
87
63
21
224
152
184
176
105
138
251
38
230
166
79
220
1
79
166
36
223
211
228
205
17
223
163
31
204
121
105
100
50
24
162
210
148
12
247
104
150
159
188
63
72
155
96
51
32
152
233
189
23
79
49
191
75
235
19
70
198
156
119
253
237
163
42
134
154
249
4
255
114
205
127
104
95
14
106
130
139
252
69
46
120
36
74
223
40
63
174
71
32
6
219
40
238
32
210
47
91
106
207
3
119
8
54
199
98
75
105
57
218
21
210
20
170
94
16
152
19
173
127
100
244
145
90
158
208
100
251
39
106
186
90
96
176
69
24
122
39
24
142
185
123
183
188
81
107
232
226
61
9
124
154
71
170
144
199
209
156
88
208
162
119
227
134
170
7
248
35
7
67
246
75
113
105
28
79
53
26
31
17
96
208
59
190
49
120
1
65
193
163
136
200
112
27
182
246
77
19
58
165
215
36
151
134
83
36
132
226
72
204
47
14
51
58
59
157
211
11
152
201
72
168
141
11
184
159
107
172
206
171
145
57
74
44
145
44
82
212
148
221
19
15
103
157
187
8
221
69
202
20
189
60
173
95
158
252
184
22
50
83
23
114
248
122
75
95
207
13
141
132
191
4
166
159
99
27
203
21
180
36
210
206
231
14
139
63
75
158
47
194
214
152
16
53
35
130
147
252
81
139
128
220
22
69
186
117
126
164
27
151
61
65
102
8
190
161
65
7
102
136
196
239
59
31
243
100
4
208
129
186
95
74
34
196
63
76
159
89
33
111
220
210
95
11
229
192
205
138
16
82
88
78
57
102
230
121
211
63
255
199
105
165
116
148
161
10
245
72
205
101
15
30
84
184
44
210
158
36
217
199
88
111
37
56
88
86
214
41
74
107
165
58
211
80
240
85
189
19
231
171
94
122
252
211
35
63
236
190
75
189
161
35
137
159
53
30
109
79
91
213
5
139
244
46
189
110
201
10
86
14
67
48
140
31
9
216
152
48
190
88
253
126
251
38
147
186
122
40
225
139
81
240
251
182
52
136
58
9
55
68
25
35
131
26
137
57
180
40
164
35
129
58
59
188
173
191
97
179
166
74
172
232
112
14
248
26
33
42
55
169
217
153
57
22
134
31
96
138
38
210
112
132
142
174
157
218
203
125
177
94
79
5
32
202
147
123
37
182
254
30
134
178
154
94
9
195
233
216
229
184
108
171
20
72
56
224
90
48
249
16
174
224
202
75
64
167
200
117
170
213
120
206
232
6
252
115
181
211
221
93
241
218
119
73
66
94
173
143
46
233
196
97
48
33
32
102
220
31
16
81
52
91
239
77
147
222
73
221
157
228
23
201
65
171
63
114
83
88
38
149
37
222
201
212
27
199
1
191
252
20
225
78
139
156
42
19
252
183
59
77
131
1
231
147
23
122
247
43
3
219
199
56
135
141
53
93
254
21
140
238
65
148
250
116
187
48
144
204
94
165
91
134
173
211
180
78
58
14
70
223
212
8
245
207
111
134
66
163
230
36
146
191
77
133
106
53
222
133
170
99
115
157
