249
9
0
0
78
183
109
77
38
0
6
14
0
0
38
176
145
80
40
0
239
1
0
0
147
11
164
107
39
0
102
254
255
255
69
82
98
112
41
0
189
17
0
0
135
195
248
76
39
0
91
11
0
0
43
243
181
83
39
0
20
15
0
0
119
195
10
117
40
0
68
24
0
0
219
81
106
127
40
0
106
30
0
0
124
103
198
123
41
0
25
58
0
0
110
111
108
105
41
0
191
14
0
0
248
35
40
70
39
0
185
88
255
255
130
192
161
89
42
0
51
4
0
0
90
153
251
80
38
0
110
56
0
0
174
193
244
124
41
0
50
255
255
255
171
42
127
80
40
0
200
15
0
0
229
224
204
83
39
0
1
0
0
0
0
0
0
0
0
0
0
0
0
0
58
54
0
176
65
226
206
1
2
45
58
44
40
0
97
130
158
8
29
243
0
0
0
0
0
0
27
18
197
0
0
0
0
0
0
253
2
0
0
0
0
0
234
242
251
0
0
0
0
0
253
254
8
0
0
0
0
0
254
2
247
0
0
0
0
0
61
248
200
0
0
0
0
0
220
2
250
0
0
0
0
0
0
0
0
0
0
0
0
0
0
0
0
0
0
0
0
0
0
0
0
0
0
0
0
0
0
0
0
0
0
0
0
0
0
0
0
0
0
0
0
0
0
0
0
0
0
0
0
0
0
0
0
0
0
0
0
0
0
0
0
0
0
0
0
0
248
251
254
0
0
0
0
0
255
22
4
0
0
0
0
0
6
251
1
0
0
0
0
0
9
15
255
0
0
0
0
0
4
252
8
0
0
0
0
0
252
6
2
0
0
0
0
0
127
248
145
0
0
0
0
0
252
24
26
0
0
0
0
0
0
0
0
0
0
0
0
0
0
0
0
0
0
0
0
0
0
0
0
0
0
0
0
0
0
0
0
0
0
0
0
0
0
0
0
0
0
0
0
0
0
0
0
0
0
0
0
0
0
0
0
0
0
0
0
0
0
0
0
0
0
0
0
0
232
27
5
0
0
0
0
0
14
8
216
0
0
0
0
0
2
250
3
0
0
0
0
0
24
13
2
0
0
0
0
0
240
252
2
0
0
0
0
0
10
254
15
0
0
0
0
0
90
226
171
0
0
0
0
0
249
0
248
0
0
0
0
0
0
0
0
0
0
0
0
0
0
0
0
0
0
0
0
0
0
0
0
0
0
0
0
0
0
0
0
0
0
0
0
0
0
0
0
0
0
0
0
0
0
0
0
0
0
0
0
0
0
0
0
0
0
0
0
0
0
0
0
0
0
0
0
0
184
42
38
0
0
0
0
0
209
248
60
0
0
0
0
0
243
7
3
0
0
0
0
0
223
211
233
0
0
0
0
0
6
3
255
0
0
0
0
0
212
129
205
0
0
0
0
0
7
20
0
0
0
0
0
0
15
252
223
0
0
0
0
0
0
0
0
0
0
0
0
0
0
0
0
0
0
0
0
0
0
0
0
0
0
0
0
0
0
0
0
0
0
0
0
0
0
0
0
0
0
0
0
0
0
0
0
0
0
0
0
0
0
0
0
0
0
0
0
0
0
0
0
0
0
0
0
0
207
248
51
0
0
0
0
0
139
231
127
0
0
0
0
0
0
127
138
0
0
0
0
0
235
252
223
0
0
0
0
0
208
144
129
0
0
0
0
0
56
67
77
0
0
0
0
0
3
5
242
0
0
0
0
0
103
127
104
0
0
0
0
0
0
0
0
0
0
0
0
0
0
0
0
0
0
0
0
0
0
0
0
0
0
0
0
0
0
0
0
0
0
0
0
0
0
0
0
0
0
0
0
0
0
0
0
0
0
0
0
0
0
0
0
0
0
0
0
0
0
0
0
0
0
0
0
0
127
205
175
0
0
0
0
0
21
38
235
0
0
0
0
0
245
10
255
0
0
0
0
0
0
6
36
0
0
0
0
0
72
116
104
0
0
0
0
0
252
13
244
0
0
0
0
0
245
232
17
0
0
0
0
0
171
148
144
0
0
0
0
0
0
0
0
0
0
0
0
0
0
0
0
0
0
0
0
0
0
0
0
0
0
0
0
0
0
0
0
0
0
0
0
0
0
0
0
0
0
0
0
0
0
0
0
0
0
0
0
0
0
0
0
0
0
0
0
0
0
0
0
0
0
0
0
0
39
219
252
0
0
0
0
0
217
82
185
0
0
0
0
0
8
251
254
0
0
0
0
0
80
99
97
0
0
0
0
0
28
43
49
0
0
0
0
0
249
3
247
0
0
0
0
0
182
20
53
0
0
0
0
0
47
60
30
0
0
0
0
0
0
0
0
0
0
0
0
0
0
0
0
0
0
0
0
0
0
0
0
0
0
0
0
0
0
0
0
0
0
0
0
0
0
0
0
0
0
0
0
0
0
0
0
0
0
0
0
0
0
0
0
0
0
0
0
0
0
0
0
0
0
0
0
0
232
22
7
0
0
0
0
0
132
33
105
0
0
0
0
0
228
69
206
0
0
0
0
0
54
59
18
0
0
0
0
0
210
215
214
0
0
0
0
0
195
218
224
0
0
0
0
0
154
40
106
0
0
0
0
0
202
185
249
0
0
0
0
0
0
0
0
0
0
0
0
0
0
0
0
0
0
0
0
0
0
0
0
0
0
0
0
0
0
0
0
0
0
0
0
0
0
0
0
0
0
0
0
0
0
0
0
0
0
0
0
0
0
0
0
0
0
0
0
0
0
0
0
0
0
0
0
0
232
29
245
0
0
0
0
0
192
24
20
0
0
0
0
0
4
252
7
0
0
0
0
0
162
129
163
0
0
0
0
0
4
255
253
0
0
0
0
0
72
44
48
0
0
0
0
0
137
17
72
0
0
0
0
0
15
237
247
0
0
0
0
0
0
0
0
0
0
0
0
0
0
0
0
0
0
0
0
0
0
0
0
0
0
0
0
0
0
0
0
0
0
0
0
0
0
0
0
0
0
0
0
0
0
0
0
0
0
0
0
0
0
0
0
0
0
0
0
0
0
0
0
0
0
0
0
0
0
0
0
0
0
0
0
0
0
0
0
0
0
0
0
0
0
0
0
0
0
0
0
0
0
0
0
0
0
0
0
0
0
0
0
0
0
0
0
0
0
0
0
0
0
0
0
0
0
0
0
0
0
0
0
0
0
0
0
0
0
0
0
0
0
0
0
0
0
0
0
0
0
0
0
0
0
0
0
0
0
0
0
0
0
0
0
0
0
0
0
0
0
0
0
0
0
0
0
0
0
0
0
0
0
0
0
0
0
0
0
0
0
0
0
0
0
0
0
0
0
0
0
0
0
0
0
0
245
248
243
0
0
0
0
0
34
70
91
0
0
0
0
0
251
252
2
0
0
0
0
0
18
8
8
0
0
0
0
0
250
1
0
0
0
0
0
0
13
54
237
0
0
0
0
0
9
239
250
0
0
0
0
0
28
231
235
0
0
0
0
0
0
0
0
0
0
0
0
0
0
0
0
0
0
0
0
0
0
0
0
0
0
0
0
0
0
0
0
0
0
0
0
0
0
0
0
0
0
0
0
0
0
0
0
0
0
0
0
0
0
0
0
0
0
0
0
0
0
0
0
0
0
0
0
0
209
6
216
0
0
0
0
0
111
97
108
0
0
0
0
0
239
3
2
0
0
0
0
0
87
96
92
0
0
0
0
0
25
232
0
0
0
0
0
0
194
203
8
0
0
0
0
0
236
237
246
0
0
0
0
0
12
247
21
0
0
0
0
0
0
0
0
0
0
0
0
0
0
0
0
0
0
0
0
0
0
0
0
0
0
0
0
0
0
0
0
0
0
0
0
0
0
0
0
0
0
0
0
0
0
0
0
0
0
0
0
0
0
0
0
0
0
0
0
0
0
0
0
0
0
0
0
0
225
6
190
0
0
0
0
0
50
49
30
0
0
0
0
0
34
42
34
0
0
0
0
0
152
194
250
0
0
0
0
0
245
6
6
0
0
0
0
0
129
143
240
0
0
0
0
0
4
241
10
0
0
0
0
0
12
243
240
0
0
0
0
0
0
0
0
0
0
0
0
0
0
0
0
0
0
0
0
0
0
0
0
0
0
0
0
0
0
0
0
0
0
0
0
0
0
0
0
0
0
0
0
0
0
0
0
0
0
0
0
0
0
0
0
0
0
0
0
0
0
0
0
0
0
0
0
0
241
1
234
0
0
0
0
0
16
228
200
0
0
0
0
0
76
33
13
0
0
0
0
0
249
254
233
0
0
0
0
0
1
243
13
0
0
0
0
0
25
12
106
0
0
0
0
0
127
114
111
0
0
0
0
0
4
242
32
0
0
0
0
0
0
0
0
0
0
0
0
0
0
0
0
0
0
0
0
0
0
0
0
0
0
0
0
0
0
0
0
0
0
0
0
0
0
0
0
0
0
0
0
0
0
0
0
0
0
0
0
0
0
0
0
0
0
0
0
0
0
0
0
0
0
0
0
0
186
229
219
0
0
0
0
0
166
129
168
0
0
0
0
0
129
134
205
0
0
0
0
0
115
127
84
0
0
0
0
0
127
169
223
0
0
0
0
0
77
96
110
0
0
0
0
0
231
18
22
0
0
0
0
0
165
197
127
0
0
0
0
0
0
0
0
0
0
0
0
0
0
0
0
0
0
0
0
0
0
0
0
0
0
0
0
0
0
0
0
0
0
0
0
0
0
0
0
0
0
0
0
0
0
0
0
0
0
0
0
0
0
0
0
0
0
0
0
0
0
0
0
0
0
0
0
0
225
227
200
0
0
0
0
0
212
222
228
0
0
0
0
0
1
9
3
0
0
0
0
0
45
30
52
0
0
0
0
0
232
11
10
0
0
0
0
0
35
29
182
0
0
0
0
0
173
158
144
0
0
0
0
0
252
239
36
0
0
0
0
0
0
0
0
0
0
0
0
0
0
0
0
0
0
0
0
0
0
0
0
0
0
0
0
0
0
0
0
0
0
0
0
0
0
0
0
0
0
0
0
0
0
0
0
0
0
0
0
0
0
0
0
0
0
0
0
0
0
0
0
0
0
0
0
0
58
240
38
0
0
0
0
0
234
10
222
0
0
0
0
0
250
9
254
0
0
0
0
0
223
145
242
0
0
0
0
0
251
13
245
0
0
0
0
0
235
8
206
0
0
0
0
0
6
7
246
0
0
0
0
0
32
217
13
0
0
0
0
0
0
0
0
0
0
0
0
0
0
0
0
0
0
0
0
0
0
0
0
0
0
0
0
0
0
0
0
0
0
0
0
0
0
0
0
0
0
0
0
0
0
0
0
0
0
0
0
0
0
0
0
0
0
0
0
0
0
0
0
0
0
0
0
0
91
62
127
0
0
0
0
0
216
231
2
0
0
0
0
0
222
224
11
0
0
0
0
0
56
3
28
0
0
0
0
0
236
7
16
0
0
0
0
0
35
12
224
0
0
0
0
0
236
251
241
0
0
0
0
0
12
208
32
0
0
0
0
0
0
0
0
0
0
0
0
0
0
0
0
0
0
0
0
0
0
0
0
0
0
0
0
0
0
0
0
0
0
0
0
0
0
0
0
0
0
0
0
0
0
0
0
0
0
0
0
0
0
0
0
0
0
0
0
0
0
0
0
0
0
0
0
0
44
20
65
0
0
0
0
0
228
235
243
0
0
0
0
0
81
49
1
0
0
0
0
0
203
158
183
0
0
0
0
0
246
8
255
0
0
0
0
0
238
229
218
0
0
0
0
0
7
6
7
0
0
0
0
0
36
239
227
0
0
0
0
0
0
0
0
0
0
0
0
0
0
0
0
0
0
0
0
0
0
0
0
0
0
0
0
0
0
0
0
0
0
0
0
0
0
0
0
0
0
0
0
0
0
0
0
0
0
0
0
0
0
0
0
0
0
0
0
0
0
0
0
0
0
0
0
0
0
0
0
0
0
0
0
0
0
0
0
0
0
0
0
0
0
0
0
0
0
0
0
0
0
0
0
0
0
0
0
0
0
0
0
0
0
0
0
0
0
0
0
0
0
0
0
0
0
0
0
0
0
0
0
0
0
0
0
0
0
0
0
0
0
0
0
0
0
0
0
0
0
0
0
0
0
0
0
0
0
0
0
0
0
0
0
0
0
0
0
0
0
0
0
0
0
0
0
0
0
0
0
0
0
0
0
0
0
0
0
0
0
0
0
0
0
0
0
0
0
0
0
0
0
0
0
0
182
12
0
0
20
16
98
64
38
0
44
8
0
0
44
32
107
66
37
0
162
16
0
0
13
135
158
100
39
0
82
21
0
0
202
117
146
64
38
0
104
10
0
0
163
25
66
83
38
0
242
253
255
255
144
163
69
72
39
0
164
20
0
0
62
193
3
102
39
0
217
34
0
0
202
171
128
65
39
0
51
3
0
0
245
222
191
83
38
0
180
8
0
0
13
23
161
105
39
0
241
8
0
0
235
172
138
124
39
0
221
42
0
0
52
154
156
79
39
0
176
0
0
0
158
226
27
69
38
0
222
4
0
0
161
72
169
89
38
0
134
6
0
0
241
25
3
80
39
0
124
8
0
0
11
30
162
105
38
0
1
0
0
0
0
0
0
0
0
0
0
0
0
0
22
134
200
120
65
193
192
2
8
29
188
28
144
0
64
4
9
16
11
223
25
233
10
3
251
8
242
47
253
9
0
17
18
16
1
227
13
238
48
47
15
228
217
218
203
249
255
0
221
248
238
232
138
54
13
214
19
11
252
49
0
218
252
1
33
237
254
207
227
22
33
48
10
15
3
22
200
26
246
235
252
228
233
0
20
1
12
33
17
223
255
2
11
231
21
4
230
255
44
217
37
31
251
202
2
246
2
3
242
238
24
243
236
33
11
5
18
5
4
31
238
45
19
22
190
248
168
237
42
230
2
31
16
218
163
234
10
216
67
229
205
251
1
15
6
16
232
233
214
195
0
237
249
254
253
227
253
0
249
250
255
11
232
232
242
208
246
170
5
16
19
245
146
233
243
16
216
15
15
10
42
32
5
235
232
225
11
57
234
69
68
4
249
45
224
169
7
19
240
251
216
239
252
33
243
243
5
205
248
28
227
11
223
219
252
214
253
246
246
249
253
0
222
0
244
3
74
45
27
229
212
0
212
9
248
4
1
241
91
18
19
60
240
1
243
254
249
236
236
247
243
3
12
237
17
254
242
227
234
237
40
238
204
19
204
40
248
29
224
2
241
17
248
18
241
35
205
228
4
253
255
241
253
223
244
250
6
2
244
16
1
0
6
34
43
22
4
255
255
236
205
19
242
5
0
242
2
28
127
254
14
246
0
16
25
215
211
254
61
251
31
244
234
151
253
127
13
250
156
247
0
243
245
224
226
11
1
246
252
228
7
247
14
5
1
25
11
255
254
8
3
252
1
1
250
233
225
12
1
30
5
255
20
251
247
255
75
243
254
72
0
238
250
14
234
253
243
190
15
253
25
4
212
32
214
244
205
222
249
243
220
240
38
52
24
26
252
17
249
34
236
3
17
77
129
235
10
7
220
40
8
240
248
248
2
4
242
242
7
225
240
22
1
0
235
27
12
26
2
17
242
10
5
5
254
251
95
3
7
245
6
39
135
201
244
241
127
8
56
167
215
166
54
17
10
211
240
29
26
255
43
8
214
208
19
214
242
242
27
34
14
8
253
65
239
255
5
12
255
4
246
234
182
16
46
7
1
233
15
247
2
4
249
23
253
241
11
18
41
248
0
6
208
245
235
204
221
41
255
33
56
9
188
4
41
63
249
14
95
0
78
37
1
228
251
5
180
223
186
22
39
221
53
254
246
246
240
7
129
211
25
246
11
252
14
230
213
237
235
237
252
196
33
46
43
14
228
253
26
229
247
233
31
12
6
9
255
234
245
0
47
97
243
217
58
39
225
1
152
183
85
226
233
21
231
0
232
37
95
4
61
38
237
243
224
240
195
15
221
211
250
248
0
251
255
11
96
238
18
236
116
142
21
253
255
34
228
36
245
240
246
15
7
13
196
243
243
225
232
245
222
232
7
253
17
1
40
22
169
43
102
69
245
36
42
14
115
57
193
29
224
205
61
13
86
213
6
15
15
204
66
17
4
3
233
2
221
61
243
6
249
16
17
252
18
29
246
210
5
9
32
247
3
0
208
243
7
12
5
30
30
222
156
251
240
45
253
17
25
80
80
3
241
71
252
241
202
179
250
217
238
246
26
24
224
20
17
25
224
88
252
14
0
2
241
12
199
18
21
178
14
15
15
249
147
8
23
36
71
187
147
223
36
13
244
244
217
242
35
250
200
7
11
29
246
252
58
26
44
231
1
53
30
245
216
25
81
254
224
9
231
229
240
222
245
29
200
200
235
216
35
252
61
195
1
244
0
252
57
15
1
246
12
2
250
25
17
3
255
2
249
1
220
53
242
29
242
239
2
14
250
10
30
1
5
250
232
11
251
229
241
238
6
248
247
3
23
22
16
214
19
234
242
20
227
31
225
6
8
1
9
242
39
206
240
243
249
238
10
249
4
24
10
254
235
24
250
192
251
8
248
252
231
244
251
2
196
197
209
12
40
243
24
250
240
231
236
220
198
230
18
208
255
230
248
242
38
251
5
24
19
244
232
9
84
228
248
13
34
11
232
196
180
27
8
244
1
36
6
16
75
245
239
3
11
224
57
8
255
3
35
238
4
242
0
1
4
6
10
248
234
24
24
62
181
10
19
2
227
11
127
3
251
248
11
235
240
253
216
8
252
236
236
233
197
16
248
237
232
243
228
239
254
228
210
243
30
240
60
245
49
230
63
16
235
56
250
24
11
242
254
238
7
241
25
18
4
247
7
16
2
249
254
249
6
129
13
38
9
86
200
1
20
13
7
0
185
28
251
166
244
11
1
225
254
222
225
7
2
232
236
3
255
243
227
18
216
199
251
32
38
5
16
234
10
12
230
26
127
24
46
16
6
58
182
16
252
22
219
6
250
4
253
5
8
5
243
0
11
251
249
201
225
1
254
20
225
248
112
249
2
2
10
5
243
247
232
7
238
4
11
247
36
197
20
21
217
253
2
12
250
235
200
239
249
220
7
217
59
230
8
249
6
254
249
10
22
250
225
234
23
35
38
54
244
5
254
1
252
12
247
250
250
27
225
3
209
224
21
228
248
18
11
10
203
21
9
169
251
18
241
244
245
1
16
0
242
29
2
9
45
227
232
219
1
237
13
20
0
186
33
247
1
20
6
11
213
12
252
31
0
0
0
0
0
0
0
0
0
0
0
0
0
0
0
0
0
0
0
0
0
0
0
0
0
0
0
0
0
0
0
0
0
0
0
0
0
0
0
0
0
0
0
0
0
0
0
0
0
0
0
0
0
0
0
0
0
0
0
0
0
0
0
0
0
0
0
0
0
0
0
0
0
0
0
0
0
0
0
0
0
0
0
0
0
0
0
0
0
0
0
0
0
0
0
0
0
0
0
0
0
0
0
0
0
0
0
0
0
0
0
0
0
0
0
0
0
0
0
0
0
0
0
0
0
0
0
0
3
237
252
215
1
188
250
7
250
9
229
248
5
237
254
5
16
228
52
32
252
19
249
239
244
44
37
220
247
0
233
22
252
234
249
215
17
210
9
31
242
252
15
8
248
231
216
251
8
13
5
240
227
189
23
6
3
246
218
249
3
27
240
241
242
242
248
252
2
244
242
9
0
1
13
2
241
248
252
7
0
252
48
32
33
38
13
21
22
255
252
8
178
235
6
18
11
5
132
215
2
36
161
252
26
248
31
250
19
17
237
22
202
5
174
223
16
60
24
17
22
8
28
246
247
237
14
252
254
249
250
34
36
55
7
15
249
244
254
227
253
57
255
2
244
214
217
13
6
3
11
181
199
86
35
226
223
7
226
237
229
252
207
239
219
252
14
41
235
0
17
10
221
181
231
231
243
15
7
233
187
4
250
57
17
252
244
195
13
19
239
246
23
20
20
6
6
10
8
3
6
13
41
247
249
19
252
18
6
0
8
222
19
0
249
234
44
6
20
234
129
243
242
48
226
48
4
6
6
236
188
22
238
245
169
252
0
4
236
248
129
7
233
23
38
59
245
41
31
249
17
6
246
249
11
13
2
21
10
16
228
7
249
224
18
212
250
30
192
7
0
206
16
235
236
232
27
10
242
235
227
55
40
24
239
16
243
242
245
248
239
52
217
250
245
189
6
22
18
245
14
13
24
80
20
254
229
55
223
246
255
220
253
233
247
25
220
254
8
5
252
242
245
244
255
0
252
251
238
240
242
235
253
251
0
222
233
243
232
240
7
241
16
18
28
4
249
207
158
1
41
21
224
11
244
223
237
30
255
249
25
40
247
252
45
245
28
8
235
25
248
225
12
3
208
13
5
235
16
249
236
23
221
244
6
27
251
246
129
251
255
98
246
227
14
1
129
25
3
85
236
11
228
24
210
8
6
251
18
249
9
21
239
227
233
254
12
23
6
228
17
246
11
16
55
242
187
237
13
18
12
165
250
21
236
1
23
38
27
186
226
4
253
241
192
254
19
222
3
240
5
252
15
5
253
245
254
240
252
252
39
12
56
235
4
15
229
248
231
38
201
0
233
253
9
197
227
9
250
206
255
24
237
24
255
15
12
1
229
245
12
19
129
2
250
14
203
217
33
255
226
35
32
224
228
8
31
249
253
12
183
241
7
246
235
3
92
162
4
154
4
18
240
251
245
180
7
2
32
234
196
26
214
12
19
47
8
244
227
12
12
9
131
247
42
237
250
225
214
232
19
10
234
226
252
240
61
26
4
33
224
18
30
180
249
3
223
43
243
35
63
13
52
204
32
33
14
45
80
1
253
236
17
250
35
45
60
250
231
14
51
31
30
8
227
0
129
6
109
231
209
10
4
224
250
20
244
234
51
58
104
60
6
216
237
245
241
1
249
41
51
19
35
215
147
50
237
31
20
237
237
13
232
236
129
21
237
21
194
0
243
239
2
246
3
72
248
6
12
54
251
248
0
1
22
24
35
252
42
22
204
239
252
242
56
253
12
235
2
247
164
1
10
242
22
147
33
22
1
40
231
249
253
236
253
217
221
11
10
6
18
6
79
158
231
59
247
242
254
249
7
220
6
255
241
233
145
13
239
8
247
8
252
255
248
230
245
3
206
250
225
204
212
71
82
182
49
18
205
241
8
19
21
235
28
23
20
37
99
1
206
129
193
7
15
228
241
23
58
238
238
243
190
1
236
216
16
229
242
245
8
244
222
228
243
247
232
240
254
249
1
244
0
252
253
12
255
38
23
235
246
6
251
3
5
250
31
19
4
242
254
243
193
195
224
13
245
252
184
255
243
21
26
238
7
10
252
25
10
229
2
252
254
4
9
0
253
211
219
12
232
42
29
229
254
233
250
242
248
245
245
2
246
237
245
249
255
32
242
3
5
13
3
254
16
1
8
8
231
45
34
103
35
9
245
250
231
10
246
79
49
255
31
12
23
181
166
23
29
64
143
249
34
13
13
239
19
250
12
9
249
71
28
10
246
191
32
240
255
233
31
223
5
244
16
253
251
1
10
246
4
249
10
250
10
2
20
11
252
251
240
245
255
1
253
235
253
247
240
19
217
181
207
57
27
6
166
15
235
6
26
252
246
17
247
225
3
251
247
255
231
8
10
227
18
251
1
36
244
37
9
29
9
16
13
3
232
31
253
16
27
38
14
245
250
254
2
253
221
7
23
11
5
6
5
5
253
235
22
47
210
231
245
251
244
238
243
25
98
24
8
185
34
171
234
33
17
47
182
4
254
36
237
254
243
232
12
234
222
88
7
44
237
179
183
244
11
30
12
9
23
167
236
238
4
12
2
247
8
253
248
8
3
247
1
244
249
5
253
44
11
36
3
3
33
4
1
2
18
222
227
5
30
237
200
9
245
6
244
243
232
0
245
251
3
58
28
251
5
4
241
234
17
18
3
241
0
255
22
37
246
2
234
232
17
7
224
249
245
243
255
251
5
233
253
255
254
244
239
32
27
203
249
250
250
240
245
239
220
244
9
234
18
189
7
7
11
15
226
208
3
31
237
5
11
239
55
254
4
252
247
12
203
15
255
25
241
33
246
25
234
238
17
240
241
75
2
39
31
4
244
45
0
0
0
0
0
0
0
0
0
0
0
0
0
0
0
0
0
0
0
0
0
0
0
0
0
0
0
0
0
0
0
0
0
0
0
0
0
0
0
0
0
0
0
0
0
0
0
0
0
0
0
0
0
0
0
0
0
0
0
0
0
0
0
0
0
0
0
0
0
0
0
0
0
0
0
0
0
0
0
0
0
0
0
0
0
0
0
0
0
0
0
0
0
0
0
0
0
0
0
0
0
0
0
0
0
0
0
0
0
0
0
0
0
0
0
0
0
0
0
0
0
0
0
0
0
0
0
0
