103
81
41
112
79
221
122
10
210
11
254
132
223
141
93
48
36
87
245
151
43
178
210
79
112
145
213
2
233
97
102
122
34
177
230
173
62
203
19
228
188
204
151
87
136
29
1
232
141
144
95
242
100
138
27
213
97
51
161
235
109
129
76
0
83
110
24
98
94
146
21
134
126
102
181
66
255
75
174
115
6
84
241
208
76
11
44
70
57
88
12
143
16
199
102
89
201
27
170
91
232
91
143
138
47
30
22
248
189
106
45
194
145
79
31
32
99
119
116
189
125
164
169
220
9
102
239
45
73
229
186
102
46
72
224
244
228
148
68
157
231
253
255
22
181
182
55
40
146
99
100
5
34
48
26
105
63
158
34
122
32
1
16
159
81
115
48
160
195
45
241
130
112
191
32
210
126
29
229
92
79
127
165
97
141
0
99
57
176
151
210
236
63
187
5
237
247
106
2
64
161
173
135
74
49
4
35
6
247
82
187
5
6
178
69
85
202
55
146
172
161
79
152
90
121
180
10
255
176
154
229
159
118
157
76
83
31
119
205
79
148
35
24
233
207
123
201
191
151
119
152
74
79
32
125
82
55
70
253
173
2
126
181
4
232
76
129
155
238
201
74
104
245
138
25
243
39
180
196
255
98
97
214
154
105
100
52
91
156
230
50
160
101
119
146
137
151
99
170
16
142
75
80
30
92
245
163
251
247
100
212
80
22
73
126
57
143
24
89
119
38
19
218
206
224
162
191
93
62
184
82
88
43
123
42
92
233
192
81
173
62
226
171
188
154
164
247
162
20
39
67
215
27
29
200
130
28
227
102
216
247
48
51
232
100
235
106
217
131
96
233
161
77
8
84
56
187
206
173
172
218
238
101
144
14
108
156
168
166
138
179
147
86
205
80
107
175
3
38
98
143
182
249
53
253
90
233
27
72
99
151
242
246
145
121
224
79
38
91
96
91
31
32
86
152
90
65
50
78
23
240
178
17
215
189
177
221
109
102
29
6
114
164
195
96
63
200
177
85
167
139
217
174
208
139
35
233
49
154
229
68
8
20
116
214
65
135
199
219
2
220
135
13
236
177
196
147
97
28
53
187
82
113
120
158
128
51
224
147
238
94
105
156
32
130
122
82
79
120
40
200
16
79
148
218
132
137
145
107
32
172
121
49
175
238
103
142
230
107
23
105
144
59
96
238
217
77
40
89
69
99
147
107
34
56
190
31
79
106
158
94
250
108
61
216
159
10
236
161
116
215
138
155
191
30
248
250
222
65
187
129
59
48
140
160
104
78
149
39
169
10
245
183
199
112
24
160
57
137
215
147
29
156
22
39
132
177
185
56
182
33
140
240
66
49
203
249
22
128
223
183
65
45
104
240
5
168
197
65
156
171
60
216
216
176
56
62
166
137
52
53
216
191
249
6
31
254
163
27
85
84
228
28
38
206
107
187
58
132
84
190
235
205
131
243
149
172
139
26
43
134
235
64
92
176
48
85
155
134
250
156
204
121
183
72
15
94
54
219
41
157
131
96
250
24
248
249
17
111
32
221
3
30
131
235
31
218
40
209
142
51
182
250
70
105
116
197
248
250
187
131
188
155
23
253
11
248
25
163
61
176
210
48
172
13
36
46
234
116
233
61
69
237
82
164
251
144
174
180
134
226
208
77
211
41
187
94
146
124
42
200
89
34
251
18
189
211
152
192
140
115
228
92
58
45
89
50
73
37
7
226
62
171
7
89
223
192
122
108
64
135
149
137
206
177
165
102
50
147
132
11
234
31
98
248
16
186
81
180
254
144
88
223
175
162
65
4
216
116
154
179
198
204
190
222
68
169
154
18
29
16
117
81
100
160
55
97
210
234
47
85
176
206
0
115
165
42
114
129
179
66
195
164
164
115
30
212
27
130
26
196
96
78
211
24
6
147
31
129
188
146
46
204
232
233
157
141
202
249
211
221
209
33
150
86
186
82
37
171
254
250
188
240
77
51
68
213
246
145
21
147
208
242
254
244
118
40
80
10
215
197
10
13
220
15
32
129
217
201
208
90
66
132
42
0
225
99
170
74
98
138
137
175
30
71
226
50
27
155
39
216
58
24
249
228
64
1
79
157
102
120
9
134
31
28
86
216
19
138
64
54
66
119
63
117
210
1
165
8
227
179
179
177
98
37
52
102
206
162
120
55
237
185
120
60
125
144
106
31
0
121
158
50
238
20
130
215
107
172
4
225
250
199
72
209
165
54
242
169
41
118
85
129
254
185
139
166
252
190
10
9
69
218
124
227
173
163
138
237
236
151
130
239
70
123
78
84
216
224
229
255
29
65
28
174
75
50
43
81
154
85
207
168
218
101
81
174
47
197
220
27
121
233
171
77
145
132
198
179
11
37
136
233
36
170
115
52
237
34
111
189
226
254
233
98
60
186
55
135
235
77
213
17
125
127
1
0
231
189
191
127
64
97
15
193
71
127
44
180
243
161
36
194
55
238
209
37
33
70
65
131
181
102
98
0
168
3
68
182
130
7
129
210
91
197
96
104
251
112
27
69
21
135
100
72
81
205
206
212
245
255
227
145
158
217
43
167
241
194
202
102
2
104
247
211
75
91
53
139
77
11
220
104
218
163
2
47
232
128
230
23
214
29
164
245
167
139
0
27
58
159
82
158
189
129
165
162
133
13
153
42
19
245
114
199
82
92
121
201
148
130
26
53
247
134
216
72
215
223
253
21
61
156
242
57
198
198
137
69
208
190
89
51
63
80
31
142
156
95
174
146
68
125
4
244
63
30
208
18
34
79
147
184
184
96
89
95
184
107
175
26
84
254
18
239
166
166
224
155
17
110
101
212
147
222
207
15
68
120
220
64
54
38
113
136
32
187
231
240
22
161
205
236
236
122
120
45
108
53
206
160
30
152
53
88
122
160
49
53
183
151
140
48
15
4
135
7
171
132
25
150
9
67
215
201
208
181
195
16
115
234
235
204
214
53
112
116
169
172
73
218
228
223
120
159
53
65
109
150
124
184
192
11
186
192
241
74
129
203
157
138
121
133
119
128
26
157
6
20
240
60
110
145
97
83
65
245
161
81
82
59
92
174
223
11
45
221
163
142
38
126
183
245
37
82
116
172
142
88
222
56
138
40
92
110
183
132
199
68
76
68
0
55
157
161
74
88
6
144
30
118
138
57
212
51
136
172
238
196
42
87
156
69
82
29
220
208
109
24
19
111
242
3
191
151
88
110
43
102
169
8
185
118
206
151
178
105
39
126
66
179
60
103
137
45
82
139
248
79
86
8
56
192
244
206
112
166
157
58
67
222
23
35
121
92
106
124
68
207
207
57
253
228
168
13
135
119
9
63
252
117
43
12
25
29
142
70
131
113
32
142
109
100
65
124
254
79
253
115
38
65
116
134
88
20
137
77
66
78
139
152
231
187
73
135
41
226
242
174
13
195
118
192
52
232
23
171
161
127
138
172
16
249
28
22
160
85
122
196
129
247
193
70
169
137
252
183
90
23
213
155
172
114
150
224
242
186
28
16
215
12
83
47
88
178
211
216
207
76
206
130
15
226
158
169
201
158
60
207
39
6
30
59
246
204
116
157
26
154
82
218
168
60
224
85
230
33
40
11
45
5
231
191
246
20
121
16
7
242
164
40
122
102
35
53
36
6
109
223
111
83
62
111
78
181
220
173
104
135
252
93
187
201
79
139
64
190
30
191
145
37
98
119
235
90
96
134
250
58
46
35
89
104
79
7
59
77
143
31
57
101
208
25
247
9
88
251
198
152
209
206
65
239
106
112
125
218
137
48
154
133
66
173
96
42
225
91
221
5
206
117
55
32
242
128
167
27
16
95
202
231
126
61
56
55
87
53
165
152
167
109
32
219
183
194
167
158
198
169
134
230
113
247
194
15
199
48
82
68
52
30
158
200
103
64
104
36
56
50
170
116
208
19
247
131
9
0
211
77
21
88
80
90
42
128
159
175
27
232
113
38
140
212
11
74
209
169
18
178
248
7
145
92
57
34
47
110
158
56
39
36
217
16
231
221
73
249
70
39
177
197
177
113
127
189
175
239
182
178
189
201
155
174
143
212
169
45
107
112
26
49
166
9
208
9
105
164
209
226
192
125
129
250
24
226
23
102
222
109
65
15
196
194
119
87
124
179
28
13
242
147
209
97
145
236
115
133
53
214
39
97
113
113
72
5
10
117
199
60
81
229
21
26
238
171
104
81
218
186
16
179
67
72
217
27
202
143
10
14
211
145
237
172
54
198
79
28
82
243
191
71
194
34
32
122
112
203
137
84
216
223
129
93
69
250
234
148
161
27
162
13
249
195
35
193
190
65
242
65
40
134
243
181
44
60
19
96
196
98
74
128
26
23
177
131
13
104
172
212
113
38
136
34
151
235
91
244
249
46
200
34
254
92
171
250
207
74
255
96
130
249
167
151
228
88
88
131
227
120
37
61
179
216
92
102
180
128
135
15
152
170
73
60
218
218
160
179
99
237
208
126
4
62
16
157
136
206
134
147
81
197
147
12
213
116
40
70
203
7
43
240
255
247
2
101
220
160
119
171
22
222
6
190
222
91
169
111
104
242
81
109
245
41
237
32
230
67
252
132
118
193
233
86
57
137
34
100
18
57
31
54
141
98
222
75
128
104
86
41
144
203
94
208
157
169
55
189
242
239
61
238
72
33
158
81
252
195
32
174
224
174
48
1
82
119
189
235
77
69
104
40
173
134
198
80
68
61
221
127
246
155
26
52
196
204
197
150
241
234
100
251
47
110
125
195
27
134
180
30
15
187
153
93
70
175
135
252
170
113
134
147
233
246
173
82
108
184
84
3
76
182
119
207
38
108
199
28
232
204
80
198
235
141
80
44
36
227
236
162
175
155
9
178
228
141
86
180
122
134
154
206
103
137
29
202
61
223
16
70
6
23
58
193
248
113
132
131
223
38
5
61
63
116
149
152
122
20
100
252
70
143
28
37
122
84
39
23
44
35
183
70
148
247
223
122
241
3
253
44
3
233
128
101
58
150
59
146
105
142
213
81
233
5
211
200
4
42
232
132
224
231
175
223
26
60
25
143
197
140
169
174
254
189
52
92
239
119
94
174
227
239
64
161
190
62
189
233
227
196
54
50
43
6
54
68
128
124
151
157
160
89
56
35
66
231
164
165
39
89
46
206
122
186
97
136
44
221
187
74
206
252
229
175
32
96
240
185
36
101
173
251
145
114
111
83
254
235
4
125
109
219
214
147
145
211
232
240
96
253
101
4
216
0
184
5
182
118
229
34
106
19
79
21
74
113
130
159
77
91
134
239
135
200
229
56
32
149
198
117
83
125
88
52
147
221
69
114
237
45
34
161
227
159
17
39
104
237
26
235
233
23
166
233
134
11
150
178
233
21
133
148
25
203
243
224
96
229
97
48
191
113
18
0
207
74
77
119
50
92
134
29
95
6
137
123
60
126
18
226
32
99
141
47
125
229
145
232
37
110
253
66
4
40
137
102
236
37
74
201
123
31
64
188
81
84
30
69
53
172
65
24
235
41
216
117
166
252
187
125
37
223
150
63
95
232
62
203
202
207
5
210
83
18
166
254
109
105
133
133
113
72
89
231
124
12
189
78
192
230
25
170
131
61
171
130
26
152
70
113
22
255
237
129
225
72
133
61
91
54
135
230
151
220
182
171
121
36
220
220
170
53
102
152
191
198
221
77
30
179
240
154
163
192
81
200
62
225
198
242
200
116
181
74
224
26
98
79
106
49
109
18
144
25
168
82
250
222
61
26
174
150
255
73
204
239
41
49
29
127
188
91
253
49
23
72
93
10
41
44
132
42
2
144
219
184
161
43
88
213
14
170
232
110
49
222
173
34
235
190
193
7
165
86
44
198
0
34
197
1
120
216
165
186
33
139
219
169
80
76
84
167
38
219
41
242
87
19
106
251
167
207
157
19
61
241
26
249
212
155
213
51
168
29
132
187
210
163
101
154
183
199
94
113
239
38
180
166
102
79
252
130
20
56
220
16
22
230
160
163
238
106
7
185
41
42
25
95
94
25
66
14
155
71
46
106
108
215
153
142
27
113
58
75
31
135
55
20
83
120
3
167
170
212
78
243
6
109
228
146
143
28
1
148
243
34
55
211
234
237
21
49
138
94
239
93
206
79
137
250
55
61
239
119
125
148
149
139
240
238
30
38
197
128
153
89
169
7
156
78
26
133
36
127
170
148
10
74
92
36
30
229
95
173
7
62
214
83
158
15
202
56
5
203
249
88
18
42
227
159
153
231
142
132
153
49
183
208
91
245
170
68
209
22
127
106
27
60
1
17
26
3
38
120
75
162
214
99
234
159
118
237
67
70
213
69
142
153
12
27
47
230
112
2
140
244
225
214
31
181
97
2
134
160
112
29
145
191
94
159
163
49
49
147
236
45
240
146
90
0
176
176
88
135
3
148
171
33
201
96
118
210
1
48
133
1
51
217
186
9
245
82
161
227
184
235
183
209
245
236
137
223
66
202
135
57
156
239
219
35
195
115
181
158
46
65
92
239
150
94
118
90
9
242
98
221
196
42
191
235
203
32
77
44
239
167
197
97
109
95
31
227
166
244
156
25
7
149
1
244
236
57
114
4
154
204
71
189
253
82
37
146
160
135
16
214
200
109
5
161
14
239
231
195
150
233
125
15
94
167
139
227
114
51
5
102
229
83
71
9
91
113
135
232
130
246
153
85
254
33
165
10
236
119
25
194
196
247
109
47
182
187
211
132
147
183
155
3
123
103
68
95
15
19
74
17
155
88
65
31
126
171
145
68
55
120
204
180
16
95
121
66
106
85
208
87
41
182
83
152
136
219
214
136
128
107
217
134
3
221
48
45
249
51
210
188
136
14
254
249
73
128
72
138
20
184
198
227
38
159
219
28
245
135
42
192
32
93
106
245
108
171
126
