-52
93
-76
58
-75
83
-59
105
-82
-108
92
85
105
-12
95
112
-16
-109
76
-96
-110
7
90
80
-29
-55
-96
95
14
123
-93
-39
-82
-44
-7
69
36
20
112
89
36
11
92
-84
-29
-24
98
-60
101
-101
-9
82
5
77
78
-111
-61
-61
-85
85
-32
-43
106
-29
39
-40
-77
56
64
-71
110
76
-67
19
119
-87
-4
117
39
97
-89
31
-46
14
-2
53
5
68
93
-13
96
105
-119
35
29
93
114
121
-114
-114
-74
-126
44
-47
-68
-85
-73
14
-91
-102
-84
54
-75
-124
-95
82
74
-110
-23
73
115
-53
-25
-37
-111
-49
30
121
90
-28
-107
43
106
104
16
-27
111
21
-78
47
-118
69
-115
122
0
-108
36
-15
-70
-75
106
-17
75
2
-91
-41
-25
100
93
58
24
11
4
11
-34
123
-19
-5
102
-99
66
-14
2
103
115
-9
100
42
19
25
-92
91
-46
56
-53
-97
-16
39
118
-16
-40
-114
43
-73
-29
106
125
-114
77
106
126
18
51
-10
-23
84
94
117
65
49
-105
-26
-43
-72
-108
-25
-40
-90
16
33
-65
-36
-82
-126
68
65
31
-110
55
81
-29
59
-125
-72
-62
-120
63
123
51
6
0
-103
100
-94
-100
-29
-28
80
59
-41
115
-54
79
-113
72
114
12
84
53
-119
85
-54
-28
-100
100
21
76
39
-78
-91
95
97
-76
-25
96
-118
10
-68
-1
8
-95
80
92
-9
-90
11
-89
-37
30
32
119
-100
71
-26
69
-123
-4
43
93
-89
20
53
-21
118
-86
107
-63
51
104
-85
56
-9
123
-34
62
-113
64
106
-85
-28
77
87
70
-116
-98
71
49
-62
81
106
-57
89
100
-121
30
57
-82
-75
32
-79
68
-11
-1
-64
-98
38
122
-109
-1
-66
122
-78
71
109
7
-50
100
72
-112
-49
85
85
-127
32
18
54
-101
36
-101
-36
-117
92
45
17
19
-31
60
54
94
66
-97
49
-42
-54
-80
-63
-77
70
-7
-81
-35
-88
98
-87
118
-65
46
82
-10
-47
88
-43
111
106
-84
-54
-101
122
-95
29
75
-91
-126
-65
-60
-115
108
-50
-111
-24
-67
-74
89
52
96
-58
-50
-91
-21
122
-10
-48
-105
83
8
-39
45
19
-119
-58
43
7
-48
123
52
-43
-41
-9
-46
41
-46
43
-104
-100
44
-73
-47
55
101
-12
22
-32
-1
-85
-51
-59
-103
103
36
-46
43
-60
75
-112
-11
28
-19
-1
-109
-5
91
66
-44
20
-32
-43
0
122
-15
-40
5
46
116
-112
66
-14
-2
48
-84
76
124
53
-50
48
-123
-116
-111
84
76
83
-64
-26
80
-55
113
-71
-121
97
-25
23
47
40
-66
-91
97
-94
-76
-52
-19
76
-38
14
22
-109
-36
-73
71
122
-3
116
-34
-54
-107
35
-28
-53
-60
46
-77
-63
100
-25
-122
-24
97
-66
-35
39
-77
-96
-30
105
13
-103
52
112
31
-68
-25
-57
-107
-121
-67
18
91
41
-74
69
-4
10
-120
52
40
-101
91
53
-48
2
110
1
122
-89
-106
27
34
-109
-69
111
-48
20
-73
117
-27
122
-63
58
-28
-93
-79
25
61
94
38
58
43
127
-50
-13
-55
43
-17
48
80
-44
16
103
30
-54
53
-86
-59
18
-40
-72
-77
10
2
22
-116
-39
33
30
108
-39
-86
40
100
-55
114
68
61
59
-108
-19
55
46
116
-88
83
-54
13
6
16
123
55
-100
112
11
70
-49
-96
27
30
-32
78
-109
-111
-67
-91
85
101
-77
112
-89
-61
87
-51
-88
22
-74
98
-114
53
-64
11
112
13
4
-26
-31
-110
85
-89
87
-29
24
125
84
69
94
73
100
-31
79
53
-18
-30
-30
115
-98
7
-22
-127
1
61
-121
45
13
110
-33
-59
-95
51
-25
35
99
120
-12
108
-65
-12
29
-55
53
89
64
-68
3
-50
8
-11
48
-102
-54
-17
46
-3
20
71
118
118
109
-38
-102
26
-82
16
21
-76
31
18
-28
-57
0
-93
29
40
60
-50
104
110
105
-128
-22
4
16
-82
-35
-33
-88
-108
-95
91
2
-33
115
91
-10
-108
65
10
57
-78
3
88
11
-55
70
-85
-51
7
-79
66
58
92
-106
16
-3
-48
-46
-108
-76
-2
6
-6
-60
-124
-85
118
37
-20
-60
-97
-7
90
17
0
-91
-75
-96
-64
53
-89
122
81
-35
-63
7
-68
-66
-74
-68
-48
108
41
-35
-42
-102
5
5
6
17
77
49
-107
-104
-94
-20
-86
121
-107
39
30
105
66
89
-80
-92
-128
-12
79
-101
-87
85
22
-87
-6
-87
29
-46
127
-116
1
78
61
68
-85
-86
-98
-125
-1
-64
41
93
-19
-37
-58
-63
-110
19
-110
82
-10
94
61
-65
-116
18
-48
-16
-104
-89
30
87
-75
40
-26
-12
52
-113
-26
110
97
100
-109
-21
-71
-49
125
69
-113
58
25
64
28
114
25
-65
115
-68
118
-114
-75
43
68
124
55
-98
110
52
-79
93
-110
59
-5
-102
-98
4
23
-89
-113
74
-9
53
-21
91
-56
-9
-62
2
-85
95
-101
-49
-66
-111
87
124
115
69
-23
34
29
-71
28
66
-6
47
42
-9
-11
36
16
-58
97
-41
-83
121
99
-28
108
27
13
-116
-31
-36
-53
15
63
-21
97
-72
57
84
-104
-103
-29
-22
-76
116
54
73
-23
94
47
-114
104
-124
65
-14
43
-40
57
81
-95
-116
77
5
-28
-50
-7
58
36
-54
-124
-54
3
-111
-18
-14
-52
-21
61
-59
101
-71
-110
86
-97
101
21
27
47
121
8
31
118
61
-65
75
-36
115
-43
127
55
101
15
-98
89
-24
-89
81
-110
46
21
-53
-120
-98
20
-115
42
-111
90
7
-5
73
-97
-37
1
59
86
-64
49
-94
-97
-8
-47
-99
-127
26
67
113
-29
-8
-41
-86
37
10
39
123
-85
56
40
44
-128
30
59
46
28
85
6
-61
-35
-53
10
-104
-18
-18
-125
-49
-53
33
93
18
-94
17
98
-117
-74
1
53
48
-43
-5
-25
-118
124
-51
31
-3
-68
-110
126
120
-115
-119
-66
-95
-127
-50
97
-7
85
-69
-121
-84
23
92
-33
-29
127
93
-31
43
-69
1
52
75
-18
-103
31
-32
127
-85
6
-17
122
96
-34
-95
-91
-15
107
-40
50
-122
-34
-105
-18
93
-16
-126
104
14
-42
115
77
62
0
-83
-123
84
-92
-69
-121
-38
-33
-16
-80
87
-40
97
-90
-100
77
-114
-7
-96
-22
110
50
-50
78
116
-11
-62
-98
-59
-22
109
37
81
63
4
45
-30
-27
-108
62
-86
-109
125
47
6
18
53
122
17
-7
-43
-113
-80
119
-1
-117
88
-102
69
43
-122
63
-57
-46
38
9
-86
-47
-93
-120
-90
-44
77
-19
78
105
35
-113
-39
106
-29
-126
-26
14
47
-46
84
-16
-34
-66
61
112
88
51
68
-47
-113
109
97
-124
-1
-108
67
48
54
-26
-38
58
-46
-41
75
32
-1
73
-105
3
84
-19
-51
-93
109
-39
104
-97
11
-44
48
70
-18
-41
-88
-109
-118
122
107
10
-97
40
-74
-46
14
-36
-55
-88
125
103
-7
94
-56
123
-7
-116
-38
108
-14
95
-65
106
-71
-23
42
115
-95
27
57
54
70
48
32
-67
-86
40
-65
-72
-79
-81
84
30
-118
-30
39
-98
7
-87
-72
-21
-123
5
-46
-24
-78
112
107
-23
-120
45
-79
58
41
62
-17
-38
7
123
99
-116
-23
-58
-79
40
-113
-95
121
85
2
-30
118
-24
127
8
-119
-104
-125
-8
14
30
-111
-12
-80
-29
62
-115
7
12
29
-105
-28
-89
54
83
-85
59
90
-63
-79
22
-66
-62
-92
96
-71
-44
-121
-2
59
42
-19
123
-83
37
97
-81
36
-6
82
-11
-80
-27
-22
-87
-77
55
85
-86
-99
39
54
0
6
-79
10
-11
-110
113
-106
-21
-56
-20
65
-70
-91
-89
64
0
127
122
68
99
10
123
-111
-81
43
-75
-103
-18
-55
8
-39
-30
102
56
-112
-70
-114
-75
19
-103
106
97
-97
-45
119
113
-27
81
97
62
98
-101
-81
22
-12
-60
117
125
92
124
-114
70
-104
2
76
-55
-68
44
47
-36
-25
83
-73
112
-10
32
-14
21
-29
116
-31
-79
-104
81
67
-48
-49
-17
53
-15
84
-109
-122
-39
55
79
93
62
99
47
-10
123
14
8
116
-43
37
126
-6
-58
-12
-51
-78
-67
33
-8
-89
-15
-5
110
45
90
-24
-17
99
-41
-106
-53
127
126
79
23
-91
-4
-117
51
23
18
71
125
-50
30
95
99
97
-111
-97
123
11
-79
92
34
106
118
56
-66
-68
-91
-102
16
19
-93
68
75
-112
-78
54
106
-57
74
-85
53
48
60
63
-80
29
64
-14
-107
106
-29
28
89
-47
-96
-100
-8
-44
122
93
-8
2
67
38
13
-9
13
-107
104
89
-80
12
-98
19
-61
-80
88
72
126
-35
-113
99
-57
116
73
54
-113
-30
-72
-78
-33
-91
21
-25
-41
-61
94
120
-19
76
-121
98
4
57
-89
-110
42
121
-73
-90
104
66
11
120
-13
102
-66
10
-51
48
35
32
-21
-126
-35
7
2
73
-40
66
8
-11
-42
-110
-107
15
-55
-56
-128
-38
55
52
-62
10
103
-113
-103
-121
-62
-42
121
103
-31
-120
-126
15
123
-92
57
24
0
49
-34
105
90
96
19
123
-51
-14
-115
64
23
77
-97
-99
-96
-7
-2
53
-49
-99
-59
-24
-2
33
64
73
-54
-90
6
-1
-63
95
70
68
26
-122
4
-125
23
-37
90
111
-125
124
-29
-59
-4
97
-113
-55
10
34
56
-26
103
-107
86
31
-78
-108
125
-89
-49
-18
44
24
-38
-49
20
-30
-34
108
111
13
41
-37
119
109
3
3
-11
126
-59
-62
21
-102
-89
46
127
-124
-67
-51
-119
9
91
-126
-67
-50
93
97
13
116
-100
81
104
-128
61
27
-68
25
-81
-91
96
20
-54
-40
-23
-86
-66
57
85
-20
56
-46
88
-65
127
123
-48
115
116
-128
-16
-92
39
-39
33
40
40
-79
-76
116
-100
66
-14
-117
39
31
-17
4
-109
-122
20
-7
-18
-85
7
-4
-76
71
-62
-8
-22
46
88
69
-72
-80
-42
53
-8
-80
24
126
23
-4
126
84
0
-15
32
5
-124
-127
-68
-115
45
-11
105
20
62
105
48
124
-34
-21
47
-94
46
37
102
121
-121
64
-76
1
83
-115
81
-21
49
-93
36
-11
87
-55
98
-97
-101
52
27
-8
85
6
50
-61
103
2
-81
-32
-47
77
-35
67
112
-19
-64
92
70
-68
22
-104
-114
30
116
33
18
-79
95
-90
-94
127
33
87
79
31
-3
103
118
18
101
69
124
-121
99
-26
-63
-76
-36
24
3
20
58
112
22
-66
-110
-9
99
71
-50
-45
115
-15
-120
-47
-48
71
6
118
-19
-119
-53
-74
-84
-97
68
-89
-71
68
61
20
53
63
-84
100
26
98
66
17
-75
-49
-102
20
114
102
111
89
21
-121
21
-67
44
-121
20
-18
-82
-86
-2
46
-111
-30
79
-89
-81
-123
-91
-17
-8
113
-68
20
-66
-11
117
118
-47
-10
17
42
55
49
-51
-47
18
90
-25
72
4
-55
25
62
56
-100
22
-59
-117
82
-38
69
-80
-85
73
-119
-61
-120
0
22
21
-19
124
-13
-6
-52
121
54
-34
114
127
-58
-121
-77
-87
-120
-55
-29
-44
-114
-123
-33
-105
60
-96
15
-49
-23
79
-98
-28
-70
-62
-53
-76
120
-86
56
-51
68
-57
34
-13
72
113
6
45
73
41
114
-98
12
-124
83
-20
24
109
30
-95
-45
16
-53
123
-73
8
101
-118
-27
-25
-55
-10
17
-117
98
39
43
40
57
31
-53
20
-54
88
-88
-117
-28
94
125
58
-61
-46
-38
37
-96
-114
-125
30
-95
21
14
-54
110
39
127
14
-63
-126
65
-113
104
77
64
74
95
32
-96
-63
-76
74
-62
-20
-110
17
115
48
-120
37
-96
110
-42
48
-110
-6
-120
-104
118
5
24
-10
-53
-108
50
-128
105
-79
-73
32
101
28
-2
125
-10
-58
-34
42
-100
29
31
24
-79
26
18
0
77
121
7
108
124
77
-82
-70
-55
-40
-17
-126
-47
-27
66
69
-53
-4
55
-67
110
-4
4
126
38
57
-77
71
36
-31
-112
40
103
-73
113
-108
-38
77
-66
66
-17
117
-17
106
-68
20
-99
-23
69
-110
113
-128
37
-11
-4
99
-78
-86
81
-90
125
-122
-17
-63
52
110
62
-30
29
33
-125
106
-56
109
-51
-116
-21
-97
8
31
59
-127
-54
-78
87
-28
-128
-79
-42
-58
126
59
121
123
38
70
-68
64
-77
77
106
12
41
-7
45
-77
-61
7
-10
-48
-101
44
39
-40
119
-85
-12
-1
100
-17
26
26
14
12
-118
69
78
59
29
87
34
67
92
-38
-108
12
29
-53
9
-7
-43
30
83
9
-8
-89
32
78
121
92
-112
53
-27
118
95
-91
1
-56
-111
-128
-83
29
47
-112
55
-116
25
91
-85
-28
-113
-13
-115
116
90
-6
-38
125
-83
-30
-128
44
115
-72
-64
-14
-116
40
95
28
-56
92
65
-37
-128
118
107
-49
27
68
123
118
-25
99
-80
-88
105
-109
-10
-71
-38
-11
-34
-15
-11
-13
-8
-126
48
74
-83
-30
-90
-121
-21
123
-60
33
-101
-54
62
7
-5
-1
-33
-81
66
-29
2
-48
107
-87
4
-44
113
-110
20
-82
122
25
14
112
47
-55
-78
-8
122
115
60
64
61
0
-49
-21
-59
-59
52
41
-103
-123
-37
0
81
9
-47
-51
122
-124
94
-67
2
-99
-118
-73
25
-111
64
-114
37
42
-84
-30
-127
59
-100
-5
74
114
126
72
51
-122
114
-48
-59
117
106
-38
35
88
-23
-21
104
67
66
-81
43
59
68
-33
-24
-123
51
49
-18
45
-39
-1
98
-114
30
-45
-103
-38
-114
-102
39
-108
-9
-122
-83
98
-109
12
-6
71
74
-62
66
-33
-44
115
-38
-22
-72
-80
67
-7
-33
-90
29
68
-83
48
-76
33
7
29
-99
10
-50
37
121
125
-9
59
13
47
71
82
-17
109
126
-92
-63
-89
-2
-93
53
65
115
69
4
-84
1
10
-74
-6
80
107
-122
-94
-125
-28
-12
110
-105
24
-66
73
-11
45
101
122
-24
-50
106
4
21
41
-47
-116
-29
-122
115
-21
104
-47
12
87
104
67
-48
-20
-10
-37
-117
25
-62
-4
101
5
64
-51
-67
-124
56
-9
114
-4
-31
-27
116
121
-125
59
2
89
-87
-19
62
-58
53
-119
82
-126
-22
115
51
-42
60
45
-32
-45
-57
-50
101
36
28
68
47
124
88
-113
60
4
101
126
116
60
-45
-87
-89
43
-43
-5
24
25
-119
75
80
109
122
-112
56
7
60
102
-97
-79
46
-15
-41
-89
-108
67
-122
9
39
120
12
109
57
95
-79
96
117
-32
-89
117
-35
99
102
67
-7
73
113
-37
-94
-38
71
-25
98
-8
99
38
-12
44
-100
116
78
76
-115
15
-98
-21
81
68
97
-35
-128
-49
-29
-107
87
69
13
-76
47
56
7
-110
12
-6
89
92
-103
96
-57
-82
-92
-109
37
-50
127
-27
-100
-65
-30
-65
-102
84
26
39
-73
121
-101
111
-122
-64
94
8
24
85
49
-12
90
118
95
-34
55
113
91
-80
25
-55
-19
-53
-2
-27
124
100
-28
71
-110
49
125
127
-88
69
-47
-100
-6
-94
-50
36
107
97
-52
-89
107
-25
-78
-118
-7
-119
35
-110
38
-49
-126
70
-39
52
48
-128
-117
-9
-116
-96
-56
-69
-90
100
119
96
47
-115
-42
75
106
115
-98
-126
127
-46
-65
9
-89
-37
3
-127
-105
14
-99
54
62
117
27
30
65
102
124
80
53
-81
-23
25
30
96
122
-96
-41
125
25
-27
-45
-67
-69
25
-58
14
-52
61
64
-48
118
49
-5
-54
-79
111
-96
-23
110
-116
-73
40
-31
-119
91
