172
10
127
140
47
170
196
151
117
166
22
183
192
204
33
216
67
179
78
154
251
82
162
219
195
118
125
139
103
125
229
216
9
164
116
108
211
222
161
159
21
81
89
165
242
214
102
98
36
183
5
112
87
58
43
76
70
60
75
228
216
189
132
14
88
154
178
246
140
205
204
69
58
57
41
98
193
66
72
122
230
125
174
202
39
74
234
207
87
168
101
135
174
200
223
122
88
94
107
145
81
139
141
100
165
230
243
236
25
66
9
214
77
107
47
18
72
152
95
86
9
27
78
22
148
151
238
165
115
8
45
5
208
19
69
94
243
146
38
213
197
30
8
245
254
71
53
199
79
7
238
35
175
29
185
222
192
9
190
222
82
187
134
250
99
96
62
121
216
167
149
204
177
124
8
205
243
130
35
118
29
3
62
133
147
194
208
199
147
12
203
173
142
59
71
30
167
97
123
184
32
221
209
163
193
63
255
148
9
205
178
36
185
74
145
137
127
210
213
241
32
162
52
194
31
218
151
133
202
194
28
27
244
72
39
106
151
224
61
121
163
234
185
67
254
121
179
47
203
45
52
198
114
171
166
188
183
68
198
116
28
216
111
55
34
227
132
145
128
168
157
34
128
104
207
4
164
231
250
82
53
92
29
158
133
23
81
38
38
78
178
156
232
13
234
56
244
98
239
157
17
241
240
98
79
121
153
241
132
177
16
231
105
198
139
174
42
236
47
115
186
181
8
92
31
186
241
156
120
83
225
111
1
81
0
231
65
245
151
178
231
111
106
25
169
239
106
15
57
104
69
248
35
57
177
170
102
47
52
167
119
236
174
171
11
187
192
43
174
161
219
53
82
220
175
91
91
80
1
33
128
247
44
192
142
233
191
80
99
202
154
155
53
38
28
93
140
75
54
83
121
106
248
145
170
63
214
9
84
48
72
112
203
200
95
162
68
17
6
253
6
179
125
245
196
155
31
26
47
68
29
167
127
242
120
53
244
55
147
162
131
148
75
41
204
243
203
254
100
27
50
167
180
36
244
148
232
183
215
64
78
15
20
106
143
36
96
119
148
198
133
121
227
172
146
62
186
91
158
159
23
59
178
40
207
170
135
86
141
139
65
28
117
145
188
172
85
55
5
168
48
34
52
81
49
245
95
35
69
166
65
199
169
56
83
50
163
22
23
243
192
197
100
94
95
92
155
169
197
156
44
210
94
110
121
3
0
161
219
24
113
215
114
159
178
142
131
214
36
245
116
172
162
231
153
24
48
99
209
248
93
63
249
249
131
73
209
224
98
134
249
119
42
190
118
130
205
3
13
250
112
81
67
14
231
39
215
154
149
43
127
115
201
96
64
189
127
233
29
5
0
54
8
10
138
247
19
113
114
9
102
72
43
50
198
250
186
51
197
30
127
141
4
92
23
216
207
75
187
214
27
123
130
240
100
30
121
25
76
176
98
88
103
81
62
222
102
225
163
35
13
106
222
122
17
235
123
248
107
16
195
167
129
55
82
218
69
177
174
55
176
144
227
202
12
145
148
92
119
221
209
144
240
67
50
202
75
130
155
149
243
133
14
91
174
234
41
124
12
24
58
252
208
235
193
58
113
147
36
220
70
21
10
91
230
237
86
144
24
71
43
188
141
81
104
51
101
2
11
104
219
170
2
187
163
215
51
129
189
33
80
52
173
165
32
56
97
183
182
20
101
215
128
132
22
74
38
91
197
67
19
161
229
46
174
148
215
101
42
182
37
150
115
181
133
141
184
196
37
5
188
137
57
42
232
105
53
212
77
190
171
94
30
185
51
1
24
53
125
37
125
98
133
173
2
131
210
145
3
62
31
69
94
32
40
180
226
172
53
188
107
151
217
73
13
253
81
246
112
247
235
110
40
73
174
63
72
53
144
193
19
12
127
147
95
178
102
101
72
15
144
151
154
197
98
229
194
25
127
146
248
84
144
163
180
224
27
57
67
233
60
228
236
91
231
243
61
31
24
174
14
207
118
114
96
159
254
114
4
61
174
216
195
159
131
250
237
18
17
179
139
104
191
29
252
211
36
76
86
170
91
196
205
13
85
208
121
11
109
105
109
102
129
101
75
147
233
172
184
250
143
225
16
166
242
63
152
76
206
148
157
19
47
80
149
104
185
225
110
132
37
247
25
192
73
177
208
165
165
150
188
67
170
185
121
7
224
168
118
203
86
128
117
52
128
136
189
229
193
244
83
54
4
59
161
138
220
164
104
39
22
101
160
195
129
108
228
60
106
158
251
149
60
155
251
234
144
121
121
216
233
4
70
149
90
120
213
1
52
77
31
169
80
183
13
34
1
169
71
199
185
73
184
134
66
74
152
148
42
98
79
66
54
158
41
152
201
191
18
201
195
109
40
62
226
224
182
109
174
34
207
64
85
26
11
59
92
76
166
208
165
23
111
56
233
145
93
205
162
90
249
111
67
151
129
212
67
141
223
250
6
147
118
167
155
8
44
43
56
167
216
224
13
248
125
61
240
166
24
224
44
82
67
112
113
110
210
171
164
56
239
19
132
229
3
223
41
36
234
136
24
94
204
6
230
24
230
215
148
111
35
49
234
251
214
22
85
228
254
179
165
66
189
186
98
206
197
78
122
137
215
10
50
180
43
74
171
114
32
120
168
25
11
92
125
25
104
54
99
235
212
24
49
90
138
132
216
182
182
182
32
120
235
111
180
255
165
245
84
215
125
62
66
38
156
254
150
231
111
130
61
222
232
125
157
9
2
35
153
41
27
246
32
130
211
79
149
157
217
132
182
42
151
170
178
31
53
227
111
199
51
17
23
217
174
68
108
221
148
116
172
206
181
75
81
105
29
150
176
145
67
62
213
35
35
42
61
104
39
67
129
8
137
237
180
17
73
8
138
251
41
177
138
178
151
251
143
95
131
95
27
116
46
15
138
107
218
162
216
184
178
87
243
12
108
59
203
221
3
39
145
93
31
199
187
249
9
187
65
4
138
237
21
219
27
238
17
59
173
177
255
2
199
64
209
195
167
133
39
92
61
20
178
241
85
169
224
186
97
243
255
191
44
236
239
43
34
43
227
86
162
167
98
133
88
20
83
125
33
24
233
13
133
186
199
86
232
248
50
51
255
18
243
45
36
216
189
4
0
199
197
43
203
197
47
203
34
185
164
118
197
32
83
57
126
3
228
223
181
247
104
88
254
212
177
241
80
188
150
237
190
117
182
155
136
128
84
180
189
104
190
152
129
152
38
8
209
232
156
200
112
101
41
42
35
185
1
128
120
53
25
159
91
13
229
12
168
64
197
147
116
23
248
178
36
139
230
60
176
176
13
254
25
166
40
239
67
81
107
68
103
223
44
157
252
225
216
173
35
59
31
137
114
140
65
221
30
87
4
151
29
84
55
192
241
70
233
186
33
205
232
246
146
160
219
79
17
213
226
141
221
208
241
101
84
57
95
54
253
81
184
53
2
10
242
56
69
88
170
47
101
245
255
55
140
99
194
241
44
146
207
145
117
51
83
189
253
106
189
115
66
181
142
125
111
110
97
248
91
216
55
58
85
45
56
174
167
129
29
65
39
238
213
21
203
255
218
14
150
110
113
14
158
237
53
111
145
238
226
124
198
218
209
79
199
131
137
225
18
145
67
178
92
163
245
249
43
88
180
96
83
212
30
158
177
129
250
45
41
51
225
138
93
88
81
6
174
244
199
218
149
69
55
17
201
240
107
190
89
175
236
173
242
73
133
122
224
121
37
116
219
55
85
173
73
65
93
137
28
78
103
155
235
63
140
229
209
96
246
182
105
218
134
253
186
247
48
120
128
143
134
55
214
95
189
116
63
126
191
169
16
4
11
232
106
24
105
67
164
224
32
35
94
98
73
5
24
30
174
58
116
26
37
194
191
148
175
225
195
164
236
81
51
101
136
231
136
176
42
98
184
35
82
165
91
243
155
150
93
108
30
83
123
151
191
212
238
202
11
133
87
244
4
161
160
160
3
0
147
8
102
223
72
18
214
79
199
217
6
70
87
100
234
108
13
204
76
204
58
125
165
226
81
214
133
47
120
148
12
174
116
39
234
243
183
235
196
116
64
59
255
175
203
170
192
123
220
130
43
55
164
211
234
201
25
225
134
242
32
179
188
58
170
93
25
187
14
47
91
225
214
81
2
65
28
37
78
80
20
157
155
54
210
127
27
245
68
205
168
132
22
182
196
120
227
212
145
6
122
91
42
182
83
194
28
53
135
130
88
39
200
47
184
108
61
66
254
186
141
154
201
95
5
150
113
165
0
225
172
118
136
108
2
55
207
172
18
71
207
185
187
47
181
127
55
150
139
148
189
206
4
164
37
221
167
153
64
191
92
145
22
30
173
203
194
172
26
245
114
132
74
130
226
70
52
55
207
33
238
211
198
44
177
29
132
183
219
108
88
180
51
43
100
101
227
2
145
118
105
115
191
144
18
83
38
215
117
109
235
46
34
21
114
52
51
190
20
37
158
190
58
42
181
65
241
124
58
15
245
31
171
111
9
91
55
71
218
184
252
37
192
240
252
195
203
7
18
91
236
195
173
3
59
191
87
107
168
191
193
97
180
23
70
45
90
231
234
213
170
55
53
44
91
21
48
35
207
191
94
124
92
141
59
72
80
187
80
57
160
149
154
102
173
11
124
118
65
246
163
80
139
53
58
46
202
74
177
67
115
73
106
244
166
61
201
32
97
173
44
221
172
25
13
71
35
16
121
187
52
4
70
7
63
142
38
162
245
237
167
142
93
2
136
166
127
171
13
252
65
213
248
199
255
200
135
3
253
251
208
118
31
72
248
59
24
180
22
250
30
150
248
97
127
46
79
95
95
16
217
55
44
131
8
23
82
124
227
46
152
148
6
31
61
250
209
92
156
201
199
165
98
224
212
249
65
155
217
149
145
86
194
63
233
55
60
118
41
246
144
241
133
116
56
204
80
59
114
155
253
224
237
142
6
243
151
74
5
126
24
33
254
240
4
4
47
183
100
138
152
204
236
243
116
124
49
9
101
161
87
105
99
181
30
86
209
223
54
30
134
127
153
96
3
75
20
111
52
216
97
93
84
217
101
105
192
49
185
42
45
158
151
177
248
197
155
125
99
3
29
4
105
249
161
75
228
88
115
85
192
220
53
143
236
37
119
10
202
199
179
43
89
251
86
19
43
252
246
121
118
122
7
240
233
192
105
10
85
127
241
75
9
1
137
120
180
163
182
154
252
68
128
143
91
94
83
3
22
105
120
229
11
35
164
19
160
109
209
78
118
210
148
92
63
76
117
223
153
48
240
155
176
102
3
205
229
130
126
96
227
30
42
215
108
57
65
34
15
251
20
86
12
25
36
131
247
103
68
149
184
220
208
203
183
145
112
64
17
249
175
135
246
87
138
66
249
245
237
144
243
201
104
5
20
232
222
179
79
105
91
247
39
198
43
54
249
91
63
0
73
85
159
143
69
102
148
15
195
20
198
201
68
77
9
245
64
104
188
205
116
198
91
178
115
59
111
74
28
237
163
181
234
33
83
137
71
83
76
103
173
13
18
85
239
243
113
141
192
185
74
31
146
3
226
232
236
2
225
52
145
136
171
199
68
197
131
22
249
77
140
75
158
37
228
28
3
226
58
143
91
20
129
207
40
64
113
57
240
22
128
220
106
173
39
83
11
172
24
244
119
207
186
98
208
62
36
65
161
110
99
121
168
107
69
227
139
192
134
184
175
142
3
208
96
212
226
20
77
220
121
91
8
97
168
146
31
186
188
121
183
24
161
53
52
69
28
93
146
65
68
219
168
33
26
16
137
151
224
2
45
14
248
104
250
121
109
145
53
77
179
71
233
124
201
44
26
67
181
53
97
117
197
160
197
116
161
179
75
134
135
134
235
174
125
234
39
113
94
130
20
178
72
72
70
218
246
176
148
72
84
219
245
110
135
228
66
97
195
198
173
211
213
232
95
46
219
61
100
130
108
30
222
201
67
205
28
22
102
152
141
14
84
95
248
168
71
105
110
178
83
98
227
52
223
148
88
199
0
9
231
216
133
46
4
199
91
141
109
174
107
132
105
66
158
123
169
45
201
55
178
95
211
71
226
17
7
238
108
150
149
236
122
2
229
167
215
69
220
93
93
228
136
53
240
94
171
198
42
34
46
38
114
50
0
32
121
199
104
29
185
117
179
130
215
236
38
182
107
11
89
244
21
183
74
108
191
204
243
73
166
125
226
106
179
19
123
10
49
120
87
97
210
132
96
60
249
225
83
27
139
78
26
113
8
125
206
218
217
147
32
24
33
106
115
108
157
245
198
153
146
44
97
23
68
165
172
145
172
121
59
131
13
9
57
39
157
200
178
218
46
110
173
40
114
142
233
118
144
130
132
12
237
40
185
237
66
137
93
0
210
36
91
189
111
174
145
53
67
166
163
137
16
71
194
142
10
138
148
1
253
32
173
19
96
83
185
100
134
100
207
179
162
37
119
1
215
244
164
62
237
40
105
207
231
47
190
42
33
33
4
126
107
231
241
65
52
148
242
221
54
139
205
92
158
23
158
37
248
116
109
117
25
233
87
119
205
225
226
162
61
21
163
17
103
117
73
154
229
204
218
12
99
185
183
167
139
224
26
134
38
102
118
245
236
23
22
116
111
231
204
97
34
109
207
122
165
176
98
253
36
121
90
110
26
179
51
204
135
148
230
123
229
83
46
199
91
183
208
62
188
193
61
254
237
6
188
229
212
162
47
219
60
187
250
247
113
61
104
184
87
196
128
18
25
41
138
13
128
2
203
79
224
203
141
215
235
78
71
241
139
245
94
18
157
59
6
150
72
117
173
158
224
128
245
188
74
151
158
21
39
244
15
182
147
219
169
184
204
142
166
152
12
117
53
181
243
24
171
11
174
243
82
82
38
159
135
109
100
147
220
12
239
220
