97
249
231
195
58
12
155
216
46
203
160
76
249
196
12
211
213
42
152
187
182
215
16
110
107
19
82
38
47
205
172
188
147
141
92
68
31
49
75
236
94
38
162
111
219
155
210
34
233
245
207
96
103
205
227
127
0
3
106
193
235
47
227
43
15
84
250
47
168
0
208
142
208
112
193
39
205
115
57
212
0
9
78
83
171
78
91
217
14
234
7
109
47
201
209
124
108
104
181
166
189
134
35
144
58
151
9
1
101
66
73
101
37
128
75
51
247
102
121
155
42
38
151
55
206
175
190
144
222
16
157
78
218
150
161
250
140
27
79
215
75
170
173
145
57
235
80
200
222
70
244
247
12
150
49
240
92
70
38
143
35
236
255
244
113
108
51
178
130
74
215
172
249
148
216
158
146
17
176
159
33
143
46
61
26
228
203
6
33
4
141
245
150
77
84
231
219
98
67
72
213
59
101
210
24
67
244
150
124
107
92
35
127
90
78
213
131
157
31
80
14
115
72
62
254
169
248
51
72
3
178
181
40
15
181
100
143
76
177
48
194
22
249
158
27
235
5
223
172
106
35
178
33
222
24
67
81
252
120
180
163
211
32
145
82
202
19
229
100
118
70
208
224
56
220
216
165
211
7
152
48
155
74
197
1
15
223
0
222
31
154
140
248
235
78
55
69
209
81
231
39
54
14
109
97
210
62
16
156
162
107
242
86
32
47
209
155
239
182
2
100
135
126
73
202
234
102
77
92
244
186
100
14
99
182
178
31
149
107
192
251
244
31
67
36
110
132
94
155
136
240
23
94
28
162
185
208
78
155
93
145
152
25
154
5
20
126
108
14
179
226
41
32
106
255
77
158
211
40
144
236
113
43
229
165
95
110
181
41
138
65
106
200
214
216
3
69
102
220
230
103
83
228
136
145
179
59
174
18
64
193
160
190
31
10
30
150
64
230
86
61
21
52
152
176
205
186
3
246
109
135
67
200
7
43
109
205
209
114
189
138
81
135
232
50
11
175
12
29
157
43
17
212
128
189
66
21
239
221
89
147
103
186
27
212
81
215
37
67
181
100
43
46
104
221
136
243
145
154
32
62
78
45
61
241
210
245
117
67
248
220
91
66
177
102
161
114
245
223
153
176
204
187
4
228
245
72
220
69
72
65
16
90
229
70
245
103
148
197
211
150
34
56
54
98
166
63
15
224
251
233
189
243
211
227
232
214
96
15
111
82
139
145
21
136
81
161
228
22
137
154
241
139
233
159
43
157
134
3
250
185
54
205
143
17
193
17
184
251
115
57
194
128
160
2
18
168
180
65
109
118
196
66
143
69
223
123
89
79
152
214
34
209
189
211
156
174
219
184
240
80
177
36
99
130
21
58
10
101
12
195
36
186
117
154
193
198
182
60
17
157
12
40
129
239
16
121
35
113
122
80
43
110
51
93
90
250
170
117
127
89
141
225
7
187
14
165
172
166
41
81
37
61
249
74
213
70
21
193
238
246
223
137
205
184
171
201
110
154
30
30
212
22
150
179
92
54
161
209
254
219
205
211
213
192
253
180
3
106
146
234
169
77
189
200
210
194
69
21
162
253
157
40
2
148
181
37
107
22
162
248
239
68
58
218
178
36
138
186
215
169
14
226
133
217
236
134
137
147
217
245
67
139
80
5
249
197
125
127
10
128
56
237
134
87
187
235
43
167
159
187
81
125
98
102
60
73
131
105
82
82
49
212
190
18
142
166
102
188
215
205
138
25
103
43
233
1
67
110
92
240
85
139
91
192
236
92
154
181
240
228
144
209
22
122
132
225
57
139
254
254
43
253
121
242
110
210
48
83
79
123
148
38
205
197
140
135
80
29
30
198
46
240
69
142
165
235
158
78
123
6
241
143
21
151
183
180
245
115
22
1
86
116
104
112
254
101
243
165
170
184
75
102
46
160
136
239
139
116
127
177
151
86
67
179
235
196
148
105
163
133
227
2
152
75
122
128
154
48
39
130
211
202
177
220
31
67
102
191
4
124
98
104
97
185
85
255
255
6
244
51
158
170
79
49
102
151
45
31
188
27
2
194
185
86
113
55
50
94
172
203
180
244
220
176
155
131
28
146
196
107
235
34
240
60
103
135
27
119
166
203
17
189
199
224
244
156
234
247
109
67
41
79
84
84
15
153
201
141
134
7
187
138
19
186
128
180
205
240
32
247
202
230
156
152
157
144
15
193
35
51
60
220
204
169
86
170
34
1
198
115
222
208
101
159
128
246
115
170
46
17
172
102
205
212
253
34
128
136
55
211
11
253
60
24
135
85
5
181
216
167
196
184
215
38
117
168
87
130
27
208
11
252
55
127
62
246
131
135
189
143
167
236
199
22
157
105
197
148
46
249
214
115
8
153
172
222
89
138
38
5
243
9
36
201
251
206
231
246
196
16
242
244
215
211
13
77
103
61
139
2
234
90
188
127
21
97
72
109
68
194
233
73
221
178
49
204
103
117
125
115
36
236
80
69
39
141
109
138
231
235
81
133
253
90
208
106
53
95
34
218
161
49
161
252
110
61
91
22
119
6
121
5
46
73
249
74
143
34
217
234
71
118
76
201
173
209
193
212
174
192
162
110
167
218
128
78
241
79
246
107
43
99
219
164
223
209
157
155
45
104
186
250
168
222
239
163
221
133
51
149
83
81
109
213
89
193
147
140
104
76
130
202
22
87
141
100
175
12
59
114
102
126
241
59
40
245
81
88
191
117
175
39
113
49
120
82
79
168
157
157
20
66
206
99
95
243
174
166
2
180
63
199
22
21
170
165
43
77
13
98
228
47
251
163
22
100
243
15
97
2
124
93
90
0
153
157
82
213
101
39
221
185
248
34
156
185
239
118
157
122
154
159
2
125
195
71
55
79
223
146
239
130
149
165
113
133
170
143
178
121
3
87
8
68
194
152
73
84
223
190
255
215
128
29
101
42
142
249
250
158
73
23
141
158
203
88
95
35
237
12
121
25
49
165
64
117
129
151
203
89
7
90
58
136
26
222
23
230
252
204
62
14
102
212
123
223
96
15
20
49
173
212
42
115
149
0
13
220
140
6
24
90
30
66
67
123
108
68
90
104
106
62
110
228
185
194
169
103
14
220
69
166
38
76
238
240
18
17
239
114
217
30
4
154
245
47
118
205
101
247
154
98
173
89
196
124
102
59
246
112
141
113
188
181
181
237
65
201
74
101
18
60
195
161
80
27
62
166
96
227
226
80
153
56
143
89
133
20
57
193
155
114
252
27
159
202
44
246
231
100
238
223
244
53
119
134
191
238
28
212
34
176
4
58
131
66
120
216
105
99
9
239
73
157
71
30
8
119
128
179
137
22
134
162
234
46
182
218
38
110
61
78
147
73
246
234
52
59
20
3
212
246
137
150
60
216
115
195
166
6
45
215
166
166
230
28
163
84
220
100
52
235
148
171
55
120
58
168
230
37
102
56
154
24
118
176
88
108
19
42
220
176
215
166
107
73
94
87
124
36
45
55
127
3
70
39
182
53
130
138
208
239
120
213
52
176
14
96
184
197
30
61
0
42
13
150
175
109
20
40
191
90
78
102
20
93
239
1
61
172
173
57
233
227
50
182
78
113
188
75
80
35
127
47
233
172
108
121
214
13
77
61
96
60
144
130
42
108
61
174
183
228
175
13
13
95
180
175
180
161
223
52
87
124
155
203
143
215
5
55
23
31
157
23
151
31
166
244
10
24
99
105
68
58
140
86
228
58
213
11
145
129
55
133
56
247
69
105
67
46
135
163
111
63
251
166
32
18
131
185
89
247
75
80
22
102
50
154
175
188
138
234
85
101
111
139
246
136
86
2
18
85
20
150
150
197
25
141
172
50
77
28
107
198
251
194
72
33
194
249
183
52
119
210
158
94
135
120
215
137
12
8
148
221
229
221
188
227
21
221
237
227
142
78
221
228
212
44
111
77
186
123
255
38
119
107
216
220
152
48
186
79
121
182
142
126
239
142
184
148
159
133
141
86
58
208
23
161
171
127
230
76
17
249
206
105
53
175
89
179
237
105
198
189
65
81
91
145
144
112
88
114
20
167
23
167
46
130
147
194
119
190
15
170
4
214
192
86
68
156
115
242
162
86
103
208
98
194
42
184
125
63
166
14
53
251
192
204
191
241
240
149
132
227
201
188
182
63
249
233
155
96
162
237
192
173
153
194
233
120
236
125
209
116
201
164
165
17
201
216
88
162
211
137
214
83
166
229
167
240
101
59
175
74
2
232
35
85
25
248
40
93
87
85
184
240
230
199
157
92
229
76
1
197
189
123
190
175
207
54
212
235
254
37
130
62
192
188
198
190
83
38
72
67
33
195
251
81
189
8
81
78
128
74
86
58
52
20
179
70
241
165
193
45
73
162
203
113
56
151
247
210
19
199
180
175
106
253
96
170
26
42
193
80
16
112
6
70
233
102
43
50
205
200
46
162
243
157
3
168
177
176
88
139
158
94
58
199
5
186
87
17
255
149
154
253
118
149
81
160
153
202
103
240
99
95
93
50
128
160
196
115
38
142
97
131
28
66
152
147
85
85
210
79
67
245
71
183
131
228
187
100
11
204
234
10
240
143
223
186
151
234
93
78
145
249
13
104
41
30
123
30
189
8
35
62
148
29
210
10
60
188
250
174
126
144
95
220
71
76
5
49
4
3
19
57
103
113
196
203
192
18
7
118
246
119
106
25
86
41
49
176
119
50
67
10
165
94
251
231
18
199
165
78
215
206
97
95
221
9
62
20
1
66
188
210
157
154
81
221
124
139
169
228
45
81
120
76
86
221
52
212
253
44
64
72
202
93
52
233
44
93
254
220
234
36
154
97
76
72
5
111
136
187
113
0
213
160
164
102
79
121
127
87
96
178
163
174
203
209
229
62
95
91
35
195
19
92
41
238
42
170
82
39
156
63
128
76
126
217
9
60
85
58
58
218
83
82
134
13
158
192
7
48
211
150
111
223
252
42
160
235
56
6
85
126
137
21
192
96
134
114
111
170
133
15
112
35
128
222
200
173
214
190
142
55
44
128
162
200
218
247
24
234
197
101
146
121
182
182
30
111
84
135
239
66
115
106
35
4
210
249
231
65
123
55
50
96
58
187
116
69
194
15
174
137
7
222
205
244
47
191
20
6
74
145
194
143
237
217
66
28
220
94
215
161
107
255
10
102
131
94
166
135
200
47
37
246
40
47
39
145
208
46
169
208
23
195
98
12
169
214
174
26
56
72
115
16
175
58
70
36
228
214
164
24
36
93
59
240
192
208
7
218
204
199
214
88
8
59
112
164
238
235
96
168
8
153
86
245
79
39
215
168
191
192
247
196
211
147
110
165
6
68
69
102
232
83
151
81
65
178
74
66
30
58
224
27
100
170
82
173
51
72
199
133
188
151
158
125
82
7
92
74
208
0
178
91
25
102
25
139
123
25
133
73
30
17
66
169
60
164
94
221
118
179
172
193
131
233
235
136
113
195
45
59
156
14
58
183
66
146
185
141
6
233
24
21
174
36
246
134
55
138
118
157
61
53
56
109
65
220
223
217
244
243
224
132
203
4
51
14
183
208
125
93
198
34
202
152
211
51
75
83
188
34
190
160
4
100
28
217
123
183
7
81
87
241
49
30
83
87
57
87
6
131
77
152
146
44
154
197
97
69
176
183
224
203
212
100
33
83
85
163
183
198
161
41
240
197
117
93
108
113
252
254
191
57
51
221
62
74
96
35
179
108
17
42
133
249
180
151
91
58
77
222
67
83
137
18
229
200
14
122
62
200
111
179
27
229
211
126
83
190
130
81
253
52
251
48
12
202
5
168
208
30
124
131
151
157
177
111
222
242
98
78
19
28
39
167
91
25
2
168
56
234
0
123
169
225
216
213
146
114
77
230
102
120
71
88
95
3
136
152
84
136
196
100
225
219
243
19
136
61
181
64
24
21
114
91
15
242
136
125
143
70
218
94
128
197
230
30
140
185
114
57
231
225
110
105
242
39
226
139
254
193
162
168
143
210
181
158
242
9
125
225
29
121
97
233
188
69
154
11
0
75
223
192
153
2
24
83
44
88
229
67
173
111
131
231
111
244
86
10
5
165
19
21
251
238
14
71
215
59
21
27
115
129
234
20
206
111
47
42
140
138
139
135
220
218
188
152
70
54
166
158
249
124
91
205
15
142
58
147
111
132
173
67
212
192
115
166
192
124
31
171
70
149
149
115
183
75
229
6
131
195
201
38
188
104
138
22
169
235
18
160
62
112
174
98
245
122
196
87
217
162
52
213
191
141
7
151
147
115
15
89
94
22
254
235
147
131
144
210
137
82
201
194
42
127
130
136
142
56
234
61
208
91
74
84
62
25
125
41
122
130
199
221
199
162
214
145
193
241
132
99
42
238
174
241
105
94
88
36
37
0
165
213
51
135
206
122
130
209
13
130
122
110
240
44
27
209
147
98
73
82
159
8
231
172
25
94
144
6
49
47
254
60
101
75
207
123
98
247
78
147
57
253
26
39
237
67
48
230
96
114
217
80
130
78
84
175
197
239
191
128
36
27
217
120
104
173
62
73
126
185
86
21
7
121
250
138
124
153
170
45
251
80
62
122
145
88
98
219
98
11
18
37
124
215
170
174
137
83
212
58
200
44
48
118
83
202
25
54
77
238
172
71
253
134
114
123
165
198
239
234
109
188
212
233
107
222
112
156
68
10
40
42
244
125
153
125
90
201
157
163
219
88
66
84
46
157
76
229
140
250
54
72
193
253
15
138
186
113
44
128
184
129
238
112
131
232
99
67
168
14
73
23
1
183
253
250
117
221
24
49
213
85
135
131
36
122
15
97
141
66
213
167
73
118
253
69
88
163
74
43
149
202
249
235
79
254
196
29
31
96
214
103
38
191
169
53
208
104
166
1
33
217
42
80
19
