67
79
80
49
1
0
16
0
24
1
0
32
0
112
0
32
5
0
0
0
5
0
0
0
5
0
0
0
2
0
120
4
36
64
39
0
104
160
95
110
5
1
1
0
15
1
1
0
0
64
0
0
0
0
0
0
1
64
0
0
0
0
0
0
2
64
0
0
0
0
0
0
3
64
0
0
0
0
0
0
11
1
29
0
12
1
29
0
10
1
0
0
4
1
39
0
5
64
0
0
40
0
0
0
4
64
0
0
40
0
0
0
6
64
0
0
1
0
0
0
9
1
128
255
7
1
0
0
0
1
0
0
1
1
0
0
3
1
0
0
2
1
0
0
20
1
65
0
31
1
2
0
16
64
0
0
0
14
0
0
17
64
0
0
0
0
0
0
18
64
0
0
0
0
0
0
19
64
0
0
0
0
0
0
18
1
27
0
17
1
0
0
19
1
39
0
27
1
27
0
28
1
27
0
26
1
0
0
21
64
0
0
48
0
0
0
20
64
0
0
16
0
0
0
22
64
0
0
16
0
0
0
24
1
253
255
33
1
2
0
32
1
0
0
34
1
0
0
46
1
0
0
40
1
0
0
32
64
0
0
224
1
0
0
33
64
0
0
208
0
0
0
41
1
0
0
34
64
0
0
0
0
0
0
35
64
0
0
224
1
0
0
37
1
0
0
38
1
128
255
39
1
127
0
22
1
27
0
21
1
1
0
23
1
47
0
36
1
0
1
47
1
0
0
3
0
0
0
36
64
37
0
249
164
129
77
5
1
65
0
15
1
2
0
0
64
0
0
0
14
0
0
11
1
27
0
12
1
27
0
5
64
0
0
48
0
0
0
4
64
0
0
16
0
0
0
6
64
0
0
16
0
0
0
9
1
253
255
16
64
0
0
0
0
0
0
19
1
127
0
21
64
0
0
128
0
0
0
24
1
128
255
33
1
0
0
46
1
1
0
32
64
0
0
176
7
0
0
33
64
0
0
32
32
0
0
34
64
0
0
176
2
0
0
35
64
0
0
0
5
0
0
23
1
31
0
36
1
0
3
2
0
0
0
36
64
39
0
147
32
151
86
0
64
0
0
0
0
0
0
4
1
127
0
5
64
0
0
128
0
0
0
9
1
128
255
16
64
0
0
0
14
0
0
18
1
23
0
27
1
23
0
28
1
23
0
24
1
4
0
33
1
4
0
46
1
0
0
32
64
0
0
208
44
0
0
33
64
0
0
48
3
0
0
34
64
0
0
208
39
0
0
22
1
23
0
23
1
63
0
36
1
0
1
47
1
1
0
3
0
0
0
36
64
38
0
77
71
101
98
0
64
0
0
0
14
0
0
11
1
23
0
12
1
23
0
9
1
4
0
16
64
0
0
0
0
0
0
24
1
128
255
33
1
0
0
46
1
1
0
32
64
0
0
0
53
0
0
33
64
0
0
32
64
0
0
34
64
0
0
0
48
0
0
23
1
31
0
36
1
0
3
2
0
0
0
36
64
40
0
165
143
11
123
0
64
0
0
0
0
0
0
9
1
128
255
16
64
0
0
0
12
0
0
18
1
14
0
27
1
14
0
28
1
14
0
24
1
17
0
33
1
9
0
46
1
0
0
32
64
0
0
32
122
0
0
33
64
0
0
80
6
0
0
34
64
0
0
32
117
0
0
22
1
14
0
23
1
127
0
36
1
0
1
47
1
0
0
3
0
0
0
36
64
38
0
179
212
179
127
0
64
0
0
0
12
0
0
11
1
14
0
12
1
14
0
9
1
17
0
16
64
0
0
0
0
0
0
24
1
128
255
33
1
0
0
46
1
1
0
32
64
0
0
112
133
0
0
33
64
0
0
32
64
0
0
34
64
0
0
112
128
0
0
22
1
15
0
23
1
63
0
36
1
0
3
2
0
0
0
36
64
40
0
59
32
73
69
0
64
0
0
0
0
0
0
9
1
128
255
16
64
0
0
128
7
0
0
18
1
0
0
27
1
0
0
28
1
0
0
24
1
3
0
33
1
14
0
46
1
0
0
32
64
0
0
144
202
0
0
33
64
0
0
192
8
0
0
34
64
0
0
144
197
0
0
22
1
0
0
23
1
127
0
36
1
0
1
3
0
0
0
36
64
38
0
106
89
209
99
0
64
0
0
128
7
0
0
11
1
0
0
12
1
0
0
9
1
3
0
16
64
0
0
0
0
0
0
19
1
31
0
21
64
0
0
32
0
0
0
24
1
128
255
33
1
0
0
46
1
1
0
32
64
0
0
144
212
0
0
33
64
0
0
32
16
0
0
34
64
0
0
80
211
0
0
35
64
0
0
64
1
0
0
21
1
3
0
23
1
31
0
36
1
0
2
2
0
0
0
36
64
40
0
71
65
234
100
0
64
0
0
0
0
0
0
4
1
31
0
5
64
0
0
32
0
0
0
9
1
128
255
20
1
1
0
16
64
0
0
64
0
0
0
19
1
2
0
21
64
0
0
3
0
0
0
20
64
0
0
3
0
0
0
22
64
0
0
1
0
0
0
24
1
30
0
32
64
0
0
80
229
0
0
33
64
0
0
32
2
0
0
34
64
0
0
176
228
0
0
35
64
0
0
160
0
0
0
23
1
15
0
2
0
0
0
5
1
1
0
0
64
0
0
64
0
0
0
10
1
2
0
4
1
0
0
5
64
0
0
3
0
0
0
4
64
0
0
1
0
0
0
6
64
0
0
1
0
0
0
9
1
30
0
20
1
65
1
16
64
0
0
80
0
0
0
19
1
0
0
21
64
0
0
16
0
0
0
20
64
0
0
16
0
0
0
22
64
0
0
16
0
0
0
32
1
2
0
36
64
0
0
1
0
0
0
21
1
1
0
36
1
0
1
5
0
0
0
48
1
0
0
48
64
0
0
112
231
0
0
49
1
3
1
49
64
0
0
0
0
0
0
50
64
0
0
0
4
0
0
16
0
0
0
37
64
0
5
1
0
0
0
38
64
0
5
1
0
0
0
10
1
0
0
4
1
2
0
4
64
0
0
3
0
0
0
20
1
69
1
16
64
0
0
0
0
0
0
19
1
2
0
21
64
0
0
64
0
0
0
20
64
0
0
64
0
0
0
22
64
0
0
64
0
0
0
24
1
127
0
37
1
7
0
133
1
65
0
143
1
2
0
128
64
0
0
80
0
0
0
129
64
0
0
0
0
0
0
130
64
0
0
0
0
0
0
131
64
0
0
0
0
0
0
139
1
0
0
140
1
0
0
138
1
0
0
133
64
0
0
16
0
0
0
132
64
0
0
16
0
0
0
134
64
0
0
16
0
0
0
137
1
30
0
8
1
0
0
128
1
4
0
21
1
127
0
17
0
0
0
6
0
2
0
37
64
0
0
1
0
0
0
38
64
0
0
1
0
0
0
36
64
0
32
1
0
0
0
5
1
73
0
0
64
0
0
0
0
0
0
5
64
0
0
64
0
0
0
4
64
0
0
64
0
0
0
6
64
0
0
64
0
0
0
9
1
0
0
20
1
5
1
16
64
0
0
64
0
0
0
21
64
0
0
12
0
0
0
20
64
0
0
12
0
0
0
22
64
0
0
4
0
0
0
24
1
0
0
37
1
0
16
38
1
0
128
39
1
255
255
133
1
9
192
39
64
0
0
12
0
0
0
137
1
0
0
128
1
8
0
21
1
31
0
6
0
8
0
5
1
9
0
0
64
0
0
64
0
0
0
5
64
0
0
12
0
0
0
4
64
0
0
12
0
0
0
6
64
0
0
4
0
0
0
20
1
69
1
16
64
0
0
192
0
0
0
19
1
0
0
21
64
0
0
64
0
0
0
20
64
0
0
64
0
0
0
22
64
0
0
64
0
0
0
32
1
0
0
21
1
3
0
36
1
0
2
5
0
2
0
36
64
0
0
1
0
0
0
5
1
73
0
0
64
0
0
192
0
0
0
4
1
0
0
5
64
0
0
64
0
0
0
4
64
0
0
64
0
0
0
6
64
0
0
64
0
0
0
16
64
0
0
0
1
0
0
128
1
0
0
21
1
31
0
36
1
0
1
6
0
7
0
37
64
192
3
1
0
0
0
38
64
192
3
1
0
0
0
5
1
9
192
39
64
0
0
35
0
0
0
16
64
0
0
64
0
0
0
133
1
73
0
128
64
0
0
0
1
0
0
133
64
0
0
64
0
0
0
132
64
0
0
64
0
0
0
134
64
0
0
64
0
0
0
8
1
8
0
6
0
2
0
5
1
73
0
15
1
2
0
0
64
0
0
0
1
0
0
1
64
0
0
0
0
0
0
2
64
0
0
0
0
0
0
3
64
0
0
0
0
0
0
11
1
0
0
12
1
0
0
10
1
0
0
5
64
0
0
64
0
0
0
4
64
0
0
64
0
0
0
6
64
0
0
64
0
0
0
9
1
0
0
20
1
69
129
31
1
0
0
133
1
9
192
39
64
0
0
1
0
0
0
137
1
0
0
8
1
0
0
128
1
8
0
6
0
2
0
37
64
0
0
1
0
0
0
38
64
0
0
1
0
0
0
5
1
73
0
15
1
2
0
0
64
0
0
192
0
0
0
1
64
0
0
0
0
0
0
2
64
0
0
0
0
0
0
3
64
0
0
0
0
0
0
11
1
0
0
12
1
0
0
10
1
0
0
5
64
0
0
64
0
0
0
4
64
0
0
64
0
0
0
6
64
0
0
64
0
0
0
9
1
0
0
20
1
69
1
31
1
2
0
16
64
0
0
128
0
0
0
133
1
73
128
143
1
0
0
137
1
0
0
128
1
0
0
6
0
9
0
36
64
31
0
0
0
0
64
5
1
73
0
15
1
2
0
0
64
0
0
128
0
0
0
1
64
0
0
0
0
0
0
2
64
0
0
0
0
0
0
3
64
0
0
0
0
0
0
11
1
0
0
12
1
0
0
10
1
0
0
5
64
0
0
64
0
0
0
4
64
0
0
64
0
0
0
6
64
0
0
64
0
0
0
9
1
0
0
20
1
69
129
31
1
0
0
133
1
9
192
39
64
0
0
196
195
195
195
137
1
0
0
128
1
8
0
6
0
0
0
37
64
192
3
1
0
0
0
38
64
192
3
1
0
0
0
36
64
0
0
1
0
0
0
5
1
73
128
15
1
0
0
9
1
0
0
20
1
69
1
31
1
2
0
16
64
0
0
0
1
0
0
133
1
9
192
39
64
0
0
90
90
90
90
137
1
0
0
6
0
1
0
37
64
0
0
1
0
0
0
38
64
0
0
1
0
0
0
36
64
31
0
0
0
0
64
5
1
73
0
15
1
2
0
0
64
0
0
0
1
0
0
1
64
0
0
0
0
0
0
2
64
0
0
0
0
0
0
3
64
0
0
0
0
0
0
11
1
0
0
12
1
0
0
10
1
0
0
5
64
0
0
64
0
0
0
4
64
0
0
64
0
0
0
6
64
0
0
64
0
0
0
9
1
0
0
20
1
69
129
31
1
0
0
133
1
73
0
143
1
2
0
128
64
0
0
128
0
0
0
129
64
0
0
0
0
0
0
130
64
0
0
0
0
0
0
131
64
0
0
0
0
0
0
139
1
0
0
140
1
0
0
138
1
0
0
133
64
0
0
64
0
0
0
132
64
0
0
64
0
0
0
134
64
0
0
64
0
0
0
137
1
0
0
128
1
0
0
6
0
0
0
37
64
192
3
1
0
0
0
38
64
192
3
1
0
0
0
36
64
0
0
1
0
0
0
5
1
9
192
39
64
0
0
0
0
0
32
9
1
0
0
20
1
69
129
31
1
1
0
133
1
73
128
143
1
0
0
137
1
0
0
8
1
8
0
6
0
2
0
37
64
0
0
1
0
0
0
38
64
0
0
1
0
0
0
36
64
31
0
0
0
0
64
5
1
73
0
15
1
2
0
0
64
0
0
0
1
0
0
1
64
0
0
0
0
0
0
2
64
0
0
0
0
0
0
3
64
0
0
0
0
0
0
11
1
0
0
12
1
0
0
10
1
0
0
5
64
0
0
64
0
0
0
4
64
0
0
64
0
0
0
6
64
0
0
64
0
0
0
9
1
0
0
20
1
69
129
31
1
2
0
133
1
73
128
143
1
1
0
137
1
0
0
8
1
0
0
6
0
0
0
36
64
0
0
1
0
0
0
5
1
73
128
15
1
2
0
9
1
0
0
20
1
69
1
16
64
0
0
192
0
0
0
133
1
9
192
39
64
0
0
4
0
0
0
137
1
0
0
128
1
8
0
6
0
0
0
37
64
192
3
1
0
0
0
38
64
192
3
1
0
0
0
5
1
73
0
15
1
2
0
0
64
0
0
0
1
0
0
1
64
0
0
0
0
0
0
2
64
0
0
0
0
0
0
3
64
0
0
0
0
0
0
11
1
0
0
12
1
0
0
10
1
0
0
5
64
0
0
64
0
0
0
4
64
0
0
64
0
0
0
6
64
0
0
64
0
0
0
9
1
0
0
20
1
69
1
133
1
73
0
143
1
2
0
128
64
0
0
192
0
0
0
129
64
0
0
0
0
0
0
130
64
0
0
0
0
0
0
131
64
0
0
0
0
0
0
139
1
0
0
140
1
0
0
138
1
0
0
133
64
0
0
64
0
0
0
132
64
0
0
64
0
0
0
134
64
0
0
64
0
0
0
137
1
0
0
128
1
0
0
6
0
1
0
37
64
0
0
1
0
0
0
38
64
0
0
1
0
0
0
36
64
31
0
0
0
0
64
5
1
73
0
15
1
2
0
0
64
0
0
192
0
0
0
1
64
0
0
0
0
0
0
2
64
0
0
0
0
0
0
3
64
0
0
0
0
0
0
11
1
0
0
12
1
0
0
10
1
0
0
5
64
0
0
64
0
0
0
4
64
0
0
64
0
0
0
6
64
0
0
64
0
0
0
9
1
0
0
20
1
69
129
31
1
0
0
133
1
73
0
143
1
2
0
128
64
0
0
128
0
0
0
129
64
0
0
0
0
0
0
130
64
0
0
0
0
0
0
131
64
0
0
0
0
0
0
139
1
0
0
140
1
0
0
138
1
0
0
133
64
0
0
64
0
0
0
132
64
0
0
64
0
0
0
134
64
0
0
64
0
0
0
137
1
0
0
6
0
0
0
37
64
192
3
1
0
0
0
38
64
192
3
1
0
0
0
36
64
0
0
1
0
0
0
5
1
9
192
39
64
0
0
0
0
0
32
9
1
0
0
20
1
69
129
31
1
1
0
133
1
73
128
143
1
0
0
137
1
0
0
8
1
8
0
6
0
2
0
37
64
0
0
1
0
0
0
38
64
0
0
1
0
0
0
36
64
31
0
0
0
0
64
5
1
73
0
15
1
2
0
0
64
0
0
192
0
0
0
1
64
0
0
0
0
0
0
2
64
0
0
0
0
0
0
3
64
0
0
0
0
0
0
11
1
0
0
12
1
0
0
10
1
0
0
5
64
0
0
64
0
0
0
4
64
0
0
64
0
0
0
6
64
0
0
64
0
0
0
9
1
0
0
20
1
69
129
31
1
2
0
133
1
73
128
143
1
1
0
137
1
0
0
8
1
0
0
6
0
0
0
36
64
0
0
1
0
0
0
5
1
73
128
15
1
2
0
9
1
0
0
20
1
69
1
16
64
0
0
0
1
0
0
133
1
9
192
39
64
0
0
4
0
0
0
137
1
0
0
128
1
8
0
6
0
0
0
37
64
192
3
1
0
0
0
38
64
192
3
1
0
0
0
5
1
73
0
15
1
2
0
0
64
0
0
192
0
0
0
1
64
0
0
0
0
0
0
2
64
0
0
0
0
0
0
3
64
0
0
0
0
0
0
11
1
0
0
12
1
0
0
10
1
0
0
5
64
0
0
64
0
0
0
4
64
0
0
64
0
0
0
6
64
0
0
64
0
0
0
9
1
0
0
20
1
69
1
133
1
73
0
143
1
2
0
128
64
0
0
0
1
0
0
129
64
0
0
0
0
0
0
130
64
0
0
0
0
0
0
131
64
0
0
0
0
0
0
139
1
0
0
140
1
0
0
138
1
0
0
133
64
0
0
64
0
0
0
132
64
0
0
64
0
0
0
134
64
0
0
64
0
0
0
137
1
0
0
128
1
0
0
6
0
1
0
37
64
0
0
1
0
0
0
38
64
0
0
1
0
0
0
36
64
31
0
0
0
0
64
5
1
73
0
15
1
2
0
0
64
0
0
0
1
0
0
1
64
0
0
0
0
0
0
2
64
0
0
0
0
0
0
3
64
0
0
0
0
0
0
11
1
0
0
12
1
0
0
10
1
0
0
5
64
0
0
64
0
0
0
4
64
0
0
64
0
0
0
6
64
0
0
64
0
0
0
9
1
0
0
20
1
69
129
31
1
0
0
133
1
73
0
143
1
2
0
128
64
0
0
128
0
0
0
129
64
0
0
0
0
0
0
130
64
0
0
0
0
0
0
131
64
0
0
0
0
0
0
139
1
0
0
140
1
0
0
138
1
0
0
133
64
0
0
64
0
0
0
132
64
0
0
64
0
0
0
134
64
0
0
64
0
0
0
137
1
0
0
6
0
0
0
37
64
192
3
1
0
0
0
38
64
192
3
1
0
0
0
36
64
0
0
1
0
0
0
5
1
9
192
39
64
0
0
0
0
0
32
9
1
0
0
20
1
69
129
31
1
1
0
133
1
73
128
143
1
0
0
137
1
0
0
8
1
8
0
6
0
2
0
37
64
0
0
1
0
0
0
38
64
0
0
1
0
0
0
36
64
31
0
0
0
0
64
5
1
73
0
15
1
2
0
0
64
0
0
0
1
0
0
1
64
0
0
0
0
0
0
2
64
0
0
0
0
0
0
3
64
0
0
0
0
0
0
11
1
0
0
12
1
0
0
10
1
0
0
5
64
0
0
64
0
0
0
4
64
0
0
64
0
0
0
6
64
0
0
64
0
0
0
9
1
0
0
20
1
69
129
31
1
2
0
133
1
73
128
143
1
1
0
137
1
0
0
8
1
0
0
6
0
0
0
36
64
0
0
1
0
0
0
5
1
73
128
15
1
2
0
9
1
0
0
20
1
69
1
16
64
0
0
192
0
0
0
133
1
9
192
39
64
0
0
4
0
0
0
137
1
0
0
128
1
8
0
6
0
0
0
37
64
192
3
1
0
0
0
38
64
192
3
1
0
0
0
5
1
73
0
15
1
2
0
0
64
0
0
0
1
0
0
1
64
0
0
0
0
0
0
2
64
0
0
0
0
0
0
3
64
0
0
0
0
0
0
11
1
0
0
12
1
0
0
10
1
0
0
5
64
0
0
64
0
0
0
4
64
0
0
64
0
0
0
6
64
0
0
64
0
0
0
9
1
0
0
20
1
69
1
133
1
73
0
143
1
2
0
128
64
0
0
192
0
0
0
129
64
0
0
0
0
0
0
130
64
0
0
0
0
0
0
131
64
0
0
0
0
0
0
139
1
0
0
140
1
0
0
138
1
0
0
133
64
0
0
64
0
0
0
132
64
0
0
64
0
0
0
134
64
0
0
64
0
0
0
137
1
0
0
128
1
0
0
6
0
1
0
37
64
0
0
1
0
0
0
38
64
0
0
1
0
0
0
36
64
30
0
0
0
0
64
5
1
73
0
15
1
2
0
0
64
0
0
0
0
0
0
1
64
0
0
0
0
0
0
2
64
0
0
0
0
0
0
3
64
0
0
0
0
0
0
11
1
0
0
12
1
0
0
10
1
0
0
4
1
2
0
5
64
0
0
64
0
0
0
4
64
0
0
64
0
0
0
6
64
0
0
64
0
0
0
9
1
0
0
20
1
69
129
31
1
0
0
19
1
2
0
133
1
73
0
143
1
2
0
128
64
0
0
192
0
0
0
129
64
0
0
0
0
0
0
130
64
0
0
0
0
0
0
131
64
0
0
0
0
0
0
139
1
0
0
140
1
0
0
138
1
0
0
133
64
0
0
64
0
0
0
132
64
0
0
64
0
0
0
134
64
0
0
64
0
0
0
137
1
0
0
128
1
4
0
6
0
0
0
36
64
0
32
1
0
0
0
5
1
73
128
15
1
0
0
9
1
0
0
20
1
1
1
31
1
1
0
16
64
0
0
0
0
0
0
21
64
0
0
3
0
0
0
20
64
0
0
3
0
0
0
22
64
0
0
1
0
0
0
24
1
128
255
37
1
0
0
38
1
128
255
39
1
127
0
133
1
73
0
143
1
2
0
128
64
0
0
64
0
0
0
129
64
0
0
0
0
0
0
130
64
0
0
0
0
0
0
131
64
0
0
0
0
0
0
139
1
0
0
140
1
0
0
138
1
0
0
133
64
0
0
64
0
0
0
132
64
0
0
64
0
0
0
134
64
0
0
64
0
0
0
137
1
0
0
6
0
8
0
0
0
255
255
