-69
39
94
-10
-112
-49
62
-22
-78
-17
44
-31
-17
-52
69
92
66
-16
117
57
-47
114
-84
35
-125
68
33
-102
-98
-39
-24
113
12
-21
-66
-45
58
-103
-48
99
124
-120
30
-11
-79
-108
58
-16
26
-57
-72
120
-96
18
-27
-88
1
-6
-112
63
123
108
-35
93
0
87
52
-73
-114
-25
9
20
-116
99
-50
-23
-78
73
124
20
121
75
76
-22
126
34
3
-54
112
-108
11
-107
55
38
59
34
-64
-93
26
57
111
99
-28
68
45
83
-75
-28
-119
-40
-102
61
-105
64
-45
15
-110
-113
-127
-51
-86
-32
66
-97
-91
111
61
-67
26
82
-63
-62
65
11
120
6
122
21
-7
-9
61
33
56
-96
-54
-27
12
-39
-52
2
-87
21
-57
-4
-60
-54
6
47
53
66
78
-67
86
21
118
-111
82
41
3
120
99
-32
-34
77
80
-107
34
61
83
-35
69
127
-15
-32
-120
-66
4
11
25
-34
121
-37
-109
-17
47
36
-86
95
23
70
