188
22
3
0
142
108
36
64
41
0
73
25
3
0
250
74
223
127
42
0
97
35
3
0
114
9
68
126
42
0
218
26
3
0
237
170
158
127
42
0
234
39
3
0
150
117
142
125
42
0
51
19
3
0
118
33
110
64
41
0
177
18
3
0
125
208
120
64
41
0
134
25
3
0
125
103
213
127
42
0
145
21
3
0
179
185
60
64
41
0
223
22
3
0
225
142
33
64
41
0
23
20
3
0
204
139
91
64
41
0
224
26
3
0
67
203
157
127
42
0
139
23
3
0
228
159
19
64
41
0
151
19
3
0
9
5
102
64
41
0
112
19
3
0
226
36
105
64
41
0
130
20
3
0
110
211
82
64
41
0
251
20
3
0
93
233
72
64
41
0
137
19
3
0
99
35
103
64
41
0
209
22
3
0
74
195
34
64
41
0
237
19
3
0
132
252
94
64
41
0
126
31
3
0
153
25
225
126
42
0
88
23
3
0
132
191
23
64
41
0
115
23
3
0
109
142
21
64
41
0
81
19
3
0
0
192
107
64
41
0
7
21
3
0
140
240
71
64
41
0
132
20
3
0
189
160
82
64
41
0
204
21
3
0
101
234
55
64
41
0
251
18
3
0
133
200
114
64
41
0
125
19
3
0
10
27
104
64
41
0
58
25
3
0
20
189
225
127
42
0
79
25
3
0
109
62
222
127
42
0
47
21
3
0
199
182
68
64
41
0
1
0
0
0
0
0
0
0
0
0
0
0
0
0
170
60
240
201
34
42
68
158
96
195
72
97
66
101
225
128
164
23
85
15
62
212
81
240
196
160
159
82
76
84
11
253
73
233
177
218
179
202
9
12
207
224
239
216
229
194
255
44
212
13
243
169
43
216
105
132
72
30
72
195
33
21
138
225
254
63
91
178
51
124
7
115
137
19
64
64
97
127
43
102
189
32
151
215
131
138
34
236
16
40
112
46
78
68
213
176
211
113
0
11
185
255
242
162
78
40
233
73
112
9
7
39
132
202
140
137
79
78
225
85
26
180
21
224
197
179
131
28
110
202
12
140
45
44
60
139
106
178
245
245
99
234
233
141
52
134
184
0
24
109
121
255
163
181
187
107
188
34
89
71
218
18
11
229
55
101
218
153
42
68
243
192
161
105
160
40
194
164
23
1
161
153
226
116
54
204
248
10
37
200
216
227
135
147
84
89
190
18
172
109
161
7
221
133
84
216
146
88
14
81
31
229
133
115
211
179
191
253
134
30
14
85
88
144
197
146
166
161
46
38
116
117
26
246
205
225
147
165
250
81
187
228
203
186
239
231
183
91
37
171
103
137
176
160
226
190
132
102
191
254
6
249
33
129
245
240
78
1
241
111
226
57
9
130
20
245
45
198
106
197
87
243
9
66
162
95
195
212
162
141
119
124
215
135
213
167
225
157
123
141
88
199
57
43
86
94
178
246
195
176
132
150
227
65
189
2
114
71
226
190
35
235
198
232
71
156
50
135
114
29
47
219
108
149
239
99
60
195
143
130
80
138
213
253
188
104
32
108
105
162
42
117
220
70
200
85
63
113
242
234
110
246
127
165
141
189
182
97
66
16
139
134
36
180
114
175
179
144
62
164
232
199
3
50
114
244
136
218
82
174
199
201
177
42
9
199
75
133
234
215
132
47
141
107
200
249
61
139
186
68
68
219
19
18
147
168
207
212
246
56
221
214
197
98
16
105
189
238
139
10
120
52
220
30
194
38
3
226
141
113
179
132
138
13
55
122
221
185
10
230
10
2
219
188
214
46
140
193
29
91
180
79
59
41
8
21
63
224
233
41
82
106
232
189
124
119
158
177
12
77
14
205
153
89
1
4
189
150
24
65
198
233
70
35
187
246
76
186
3
219
4
213
35
234
207
205
75
118
41
243
3
235
144
219
49
164
187
163
102
6
68
154
49
233
241
46
159
253
182
18
99
71
231
207
238
74
166
127
121
219
231
216
169
39
195
25
163
59
202
175
130
243
24
38
46
157
190
4
59
226
80
193
15
188
211
184
83
47
224
91
160
169
123
108
251
35
195
38
65
166
117
53
135
210
179
94
32
169
239
104
134
97
176
83
238
231
19
168
161
227
82
151
145
36
117
22
57
196
59
88
67
202
150
166
133
26
3
57
70
174
110
74
30
226
194
191
53
77
207
38
153
152
157
252
203
189
101
173
60
30
91
34
65
148
107
64
27
240
247
36
53
116
241
92
219
50
188
102
17
218
138
37
43
252
13
161
23
234
67
81
214
192
144
4
222
38
229
28
118
237
79
83
77
60
249
137
218
14
13
149
65
92
10
240
121
45
227
238
225
107
59
92
86
221
78
198
118
122
15
163
255
150
247
179
187
61
192
30
41
111
133
150
13
95
229
139
42
5
120
146
244
62
220
156
193
134
18
184
100
61
230
159
129
116
78
230
162
33
74
195
180
37
127
76
67
163
71
231
70
50
88
137
33
55
12
62
158
186
205
96
156
136
195
36
12
123
216
157
196
185
23
160
91
115
225
15
210
201
198
126
72
212
171
125
80
199
191
162
19
28
242
18
17
103
72
160
140
29
131
172
57
53
194
230
226
252
171
207
225
98
109
167
254
122
81
242
102
187
35
181
19
157
227
41
214
147
100
40
26
185
93
46
13
179
26
56
12
74
100
170
29
204
8
38
156
133
202
235
244
218
47
181
189
203
230
38
237
72
10
75
203
194
95
174
46
141
15
166
170
162
27
73
174
29
183
69
41
248
24
55
226
202
0
168
97
175
218
141
19
156
208
33
204
34
117
98
1
88
19
159
162
185
232
78
217
26
164
123
96
124
242
8
10
167
171
24
125
239
228
129
237
175
113
123
98
133
129
225
172
140
184
134
36
179
122
106
179
195
91
37
52
50
222
193
118
162
110
230
189
204
100
162
243
196
88
196
13
132
37
7
38
146
248
31
78
76
186
197
29
66
52
42
91
113
10
72
170
92
207
185
81
129
174
230
44
66
253
245
123
55
150
136
215
33
208
12
70
54
50
173
201
218
210
148
241
109
172
16
167
108
169
215
250
85
79
62
166
200
155
132
92
249
135
87
211
40
83
140
220
46
144
3
235
2
239
55
193
217
89
166
63
6
239
232
174
201
126
150
13
112
194
29
123
160
169
225
208
53
215
73
114
221
191
88
44
178
242
164
105
220
171
44
48
197
206
218
249
243
108
222
252
160
50
51
205
116
51
241
232
161
15
17
10
217
8
244
162
147
146
40
41
41
98
238
216
55
143
15
170
189
251
13
221
255
69
142
152
220
159
114
137
149
37
249
134
48
136
172
116
31
129
82
250
153
226
105
142
213
16
72
16
83
222
248
211
141
5
162
31
50
220
156
175
226
88
120
139
205
215
204
8
185
89
5
55
74
229
49
16
136
221
53
171
222
244
149
74
230
79
111
100
45
166
73
69
56
221
50
118
19
90
104
9
71
204
229
48
246
20
8
57
65
218
214
36
255
15
214
210
63
189
156
136
14
94
15
53
68
32
170
45
55
185
107
139
179
57
229
239
160
136
54
184
51
157
180
156
219
89
165
37
200
156
103
68
24
250
26
162
213
108
153
156
51
209
184
40
87
209
127
133
68
171
104
121
247
152
100
203
129
22
233
60
52
24
60
243
71
38
82
239
51
129
16
167
188
48
134
166
193
205
197
39
218
112
84
71
27
49
254
91
130
180
94
158
113
26
56
220
0
65
39
45
223
168
153
75
159
232
130
186
220
122
198
46
66
60
215
91
164
58
234
173
52
81
99
81
184
152
49
129
191
245
227
80
140
169
23
207
39
223
132
116
0
37
69
229
206
185
3
112
68
196
152
225
106
55
151
241
222
215
115
113
125
145
181
184
243
137
15
92
106
75
55
63
80
168
118
76
187
237
81
36
8
66
215
208
200
132
145
45
70
248
21
111
142
223
245
175
161
238
67
37
17
142
66
11
135
117
232
0
87
205
159
152
112
119
172
113
158
154
167
66
40
194
171
217
25
231
126
216
94
157
100
95
71
16
160
215
172
59
33
93
241
107
117
12
226
195
47
150
122
188
1
52
220
158
197
0
226
60
212
169
109
136
204
255
243
19
104
7
247
14
57
231
55
100
232
22
221
219
109
240
71
202
73
190
226
110
150
131
242
125
207
11
6
233
22
31
173
44
239
165
179
60
169
235
35
1
30
164
231
150
253
13
46
118
72
196
234
255
37
163
138
137
14
82
71
98
117
252
205
184
107
62
236
137
237
2
81
198
88
175
242
62
122
159
234
129
12
193
97
185
38
92
200
225
176
167
122
157
205
40
143
5
209
97
62
59
16
254
208
241
132
53
20
194
116
199
236
146
18
47
154
250
77
200
140
232
244
167
237
124
168
201
211
120
15
42
133
182
59
57
154
51
233
75
236
236
44
230
149
225
2
249
158
199
27
189
82
69
116
3
141
8
243
136
90
139
44
40
60
33
129
9
85
55
175
211
67
221
77
178
15
35
57
252
161
46
100
117
106
106
230
117
41
73
145
105
213
23
116
4
147
30
45
255
14
58
61
154
85
181
202
254
198
21
218
171
236
228
87
38
74
22
1
170
68
217
29
182
89
12
7
247
180
99
3
244
174
129
223
97
232
218
67
191
234
66
176
170
170
242
35
196
186
250
198
99
51
240
222
61
206
198
35
213
129
206
155
178
235
116
246
93
211
255
1
58
5
227
221
74
116
34
247
177
86
49
48
18
15
163
216
102
72
233
91
181
114
62
64
243
89
218
92
142
44
119
150
240
67
138
184
189
194
203
97
95
218
208
201
193
50
124
27
206
206
222
65
112
125
111
86
152
54
136
27
17
245
200
19
185
184
207
123
177
110
57
239
50
229
18
127
168
183
123
2
8
130
31
220
50
21
83
89
95
146
206
151
104
6
21
132
224
100
220
125
44
255
229
250
92
77
30
169
29
2
136
31
90
175
173
178
16
252
73
76
248
114
18
165
220
234
147
104
214
242
21
75
101
181
53
19
101
143
51
10
13
215
182
127
30
187
25
184
55
144
177
29
135
40
219
145
93
74
75
73
108
232
120
243
43
102
207
203
231
151
90
73
253
40
147
32
97
183
149
243
95
75
25
129
125
75
241
190
18
36
107
153
131
68
238
251
232
117
232
214
254
207
69
162
248
124
228
71
230
141
91
80
43
83
31
99
57
171
44
184
62
111
161
213
208
159
30
231
31
55
32
86
16
31
245
98
137
69
255
107
46
174
87
74
25
171
66
148
15
46
166
160
51
141
88
38
38
22
32
107
199
242
105
241
231
120
186
159
177
81
212
209
240
109
76
103
206
84
47
229
26
1
196
143
198
211
33
87
164
182
191
19
182
215
100
94
129
1
207
105
252
225
40
192
182
98
131
147
178
165
57
125
30
85
44
94
75
127
73
249
240
38
159
77
29
150
7
252
103
127
173
225
97
50
2
194
247
249
57
13
191
148
157
157
74
17
117
12
64
52
95
78
151
126
214
219
35
168
190
201
146
69
18
173
99
200
142
144
98
185
193
73
97
61
80
195
133
76
187
5
68
3
199
134
129
140
143
119
94
20
154
241
243
204
174
16
9
157
173
154
237
250
255
157
213
14
145
84
0
5
139
92
93
136
25
115
142
113
39
216
124
231
247
151
188
210
187
0
169
126
54
56
1
34
149
183
148
20
2
169
82
166
251
231
250
45
168
172
34
178
6
87
20
145
52
132
27
159
97
148
72
192
189
142
197
55
124
184
37
41
200
115
41
221
108
186
154
127
23
94
218
35
200
193
61
35
217
177
219
57
71
31
115
14
5
81
112
125
68
252
58
32
184
41
43
136
26
76
184
47
93
192
168
126
45
96
226
182
160
92
114
201
73
94
236
184
93
203
28
56
93
248
53
198
228
159
241
243
192
6
171
143
98
141
141
165
246
57
22
138
95
55
57
242
65
42
236
39
81
222
42
71
152
76
100
99
179
208
173
171
163
159
186
32
236
162
125
237
169
117
252
192
106
188
211
253
116
213
167
150
17
102
79
56
120
182
29
76
26
86
72
136
105
206
215
130
235
237
240
32
174
66
145
233
159
62
147
235
215
178
37
89
122
21
146
20
197
97
223
241
90
78
99
35
65
64
237
170
41
181
120
51
19
55
237
72
16
208
105
58
78
217
87
63
216
15
67
12
241
150
187
82
83
3
144
149
232
63
47
34
104
63
248
2
137
209
204
40
52
138
198
84
125
208
36
45
75
172
199
175
178
91
250
126
191
227
211
194
13
15
9
25
47
76
110
237
12
31
57
228
72
42
61
215
99
204
210
113
205
245
25
255
22
29
194
215
118
17
125
184
9
12
3
21
26
167
43
56
172
197
155
39
27
12
195
172
237
45
89
144
239
110
242
159
220
80
65
215
125
170
14
254
110
41
135
214
13
12
97
35
9
68
106
16
41
11
255
243
247
124
108
253
15
223
212
242
15
169
16
9
248
133
90
96
134
76
240
173
152
136
110
232
140
236
154
143
61
3
196
145
75
221
108
159
142
101
110
141
194
194
150
28
95
183
217
121
113
136
215
107
219
196
212
150
244
254
120
250
189
51
209
236
240
125
203
44
153
26
219
203
225
29
73
98
81
232
127
70
193
73
48
212
245
196
95
10
31
154
170
100
217
42
232
192
181
64
75
107
154
79
82
78
184
111
56
83
15
205
109
200
56
231
169
125
104
213
170
177
224
55
184
163
112
3
151
250
144
254
9
240
246
80
198
247
143
166
198
101
162
188
120
32
121
218
239
150
164
217
100
55
182
27
232
246
225
233
239
230
117
233
132
213
55
99
35
162
74
65
182
225
138
236
250
198
34
72
102
1
88
138
125
126
48
99
33
163
235
133
29
137
56
222
2
30
111
81
109
215
2
55
213
162
173
42
46
22
189
142
37
133
219
115
177
173
142
63
165
60
56
97
201
222
16
61
42
110
38
46
115
151
59
251
139
189
240
13
64
26
238
174
186
220
194
147
225
96
86
84
127
52
16
190
33
115
83
45
177
101
206
219
152
120
123
58
238
82
217
68
113
43
232
22
191
74
188
9
106
149
131
223
239
60
29
19
241
84
20
197
98
193
104
199
206
113
42
71
226
120
203
141
192
182
135
149
220
125
16
230
95
59
249
119
123
99
16
189
60
50
14
203
73
214
174
32
18
126
225
107
87
206
113
65
163
178
109
151
97
213
13
23
120
142
238
184
52
180
111
98
38
21
17
119
232
1
61
173
232
235
60
181
226
248
43
87
190
63
87
121
39
151
179
91
240
106
145
34
117
99
178
120
87
118
159
176
137
98
175
75
169
59
135
12
23
213
221
61
245
20
25
39
14
152
214
62
51
18
66
95
247
17
23
137
145
33
171
12
207
87
207
33
60
36
225
90
90
90
27
127
146
146
59
140
74
209
3
216
19
56
238
240
239
214
154
41
48
28
38
175
204
206
193
190
51
55
189
26
232
167
29
184
83
196
92
14
171
136
82
41
84
115
231
167
120
230
219
209
21
114
184
34
95
158
37
38
93
253
28
87
107
23
19
71
58
18
99
252
236
49
72
231
222
78
232
166
78
162
183
189
163
17
113
240
151
227
72
79
168
255
105
241
135
247
181
167
81
150
29
131
32
170
232
34
4
27
132
135
99
147
125
250
127
255
69
145
60
59
27
38
7
36
77
252
236
255
73
149
246
73
91
0
253
49
151
134
136
233
91
47
214
10
54
169
220
2
189
33
142
110
146
220
200
148
74
233
252
57
114
30
141
62
64
134
153
42
51
11
43
47
25
21
39
81
187
147
194
231
207
145
58
143
123
203
2
177
4
64
75
149
90
15
60
254
43
52
8
160
131
118
238
45
12
239
163
87
195
105
2
111
232
173
65
83
40
185
111
127
14
83
196
185
46
146
183
106
103
41
255
164
214
224
149
156
193
66
212
112
112
50
74
92
24
14
145
219
79
127
213
5
154
248
196
253
180
164
124
37
182
213
220
96
214
6
155
11
70
107
126
180
115
144
153
83
46
57
54
229
202
14
1
251
52
10
175
223
224
228
62
23
214
247
67
55
200
91
121
95
120
251
88
160
205
244
20
149
34
41
24
1
8
41
231
48
195
242
119
58
213
94
132
105
200
112
17
231
46
41
4
137
41
153
176
79
75
129
26
180
143
57
253
187
255
123
145
193
158
12
187
32
86
116
86
247
200
118
94
127
46
207
20
124
96
75
138
50
77
42
36
14
96
213
126
123
45
180
130
142
133
105
246
218
250
119
90
96
255
54
97
5
93
129
227
10
110
246
159
138
99
134
120
154
219
162
239
115
53
159
153
251
87
27
88
39
4
235
30
207
121
176
232
229
228
231
110
231
222
194
248
80
103
28
117
42
230
74
214
223
227
182
65
36
99
146
234
219
35
47
208
34
76
172
20
47
235
0
186
240
75
195
86
177
36
151
151
116
235
143
252
28
191
103
66
245
59
26
5
109
27
184
213
153
31
99
125
96
159
110
43
236
97
17
53
105
79
218
87
49
221
166
144
45
109
138
40
164
127
70
231
234
101
203
67
137
0
43
166
198
29
110
183
94
130
53
157
122
79
9
70
118
173
31
7
65
102
238
131
52
247
31
91
220
134
212
118
230
109
245
247
76
226
172
142
165
180
15
147
13
160
116
241
126
137
89
229
38
59
42
103
179
223
252
56
59
212
229
225
197
123
39
201
183
102
215
121
89
103
30
131
252
83
204
139
204
107
122
181
73
91
145
242
215
38
49
73
75
88
109
11
89
33
28
152
34
95
236
175
185
67
227
25
195
94
86
94
123
52
2
12
95
252
67
163
183
4
41
210
145
71
108
35
42
130
19
185
19
219
15
227
99
199
94
4
153
2
70
161
43
153
213
5
239
177
232
148
20
131
207
154
171
43
169
48
80
1
102
210
253
187
172
189
158
234
114
197
129
184
142
229
118
237
169
101
133
187
141
83
2
138
66
20
164
9
55
138
165
90
10
68
15
124
238
86
103
170
228
158
40
40
197
109
72
247
28
126
146
118
160
48
34
93
60
223
250
248
247
153
108
87
13
26
68
233
183
197
44
104
145
231
71
15
185
155
165
241
133
147
226
235
73
223
220
243
232
158
254
242
148
255
202
254
218
95
129
75
140
180
129
235
140
106
29
234
145
222
131
206
246
53
202
255
20
67
41
222
138
90
118
0
10
79
100
172
248
41
77
232
82
135
159
120
59
245
180
132
61
167
143
51
137
0
199
80
126
39
193
140
159
6
242
49
38
7
53
86
58
202
189
0
196
205
84
4
144
66
254
63
148
133
153
131
34
131
11
127
1
99
132
78
101
32
33
95
185
249
7
140
142
123
107
236
77
173
235
77
36
92
177
109
187
198
209
225
4
205
195
188
156
202
55
222
3
166
12
246
184
164
4
121
183
4
48
38
72
157
252
174
240
120
234
186
33
31
76
132
248
5
190
130
17
71
138
94
157
239
64
28
76
152
116
237
229
237
134
34
103
66
236
189
157
189
95
114
76
184
237
155
51
25
178
226
182
30
255
32
61
108
152
205
205
160
73
243
98
170
248
56
222
105
63
251
245
38
103
231
24
245
185
144
212
176
202
121
197
154
142
155
110
50
164
249
90
66
230
212
88
211
112
77
140
194
231
3
89
181
81
136
62
163
131
225
185
138
54
92
119
86
239
123
56
150
70
181
111
51
153
184
91
192
159
118
101
184
253
14
79
3
204
130
134
171
91
98
173
101
30
66
232
241
4
252
223
148
121
76
3
208
5
227
58
70
243
93
174
214
234
226
120
121
70
105
193
42
199
5
158
199
50
207
21
253
115
167
92
243
54
237
115
167
58
44
139
149
181
11
40
206
241
78
208
140
162
157
74
153
93
214
219
14
21
228
189
15
208
253
216
142
98
150
180
108
239
142
72
87
247
59
255
247
100
158
219
229
190
141
168
92
182
93
255
162
195
13
216
147
138
129
38
191
53
185
227
187
53
226
16
47
109
138
250
125
94
3
123
170
244
65
221
141
159
233
134
20
16
166
84
90
194
14
200
219
46
221
14
241
166
77
21
87
9
19
75
183
55
179
10
71
97
184
111
80
225
216
118
194
170
28
248
180
23
70
130
42
239
1
202
16
191
98
119
193
177
105
45
143
60
62
231
206
148
99
170
23
17
208
217
197
100
65
4
158
251
74
152
164
252
202
215
78
51
240
17
247
134
162
177
189
72
125
228
116
198
44
158
211
64
156
211
253
54
237
90
239
46
155
107
114
90
179
188
61
78
88
41
22
249
224
109
234
32
77
201
129
74
0
84
21
236
244
201
186
243
89
125
167
17
253
50
136
178
127
228
219
17
109
31
107
248
120
138
139
228
28
52
49
207
197
93
232
147
209
120
172
156
8
247
94
143
179
116
171
143
223
36
232
137
230
78
207
17
222
120
179
223
197
108
49
3
69
88
85
213
192
115
138
216
196
43
236
226
245
11
119
206
139
91
73
50
97
171
55
233
133
9
98
176
201
156
146
250
30
29
123
56
194
152
225
10
45
70
105
134
229
174
57
95
48
77
42
11
101
60
131
92
216
15
4
35
127
36
55
125
63
213
158
104
187
14
119
14
99
161
253
75
146
224
203
86
134
80
88
71
48
74
236
3
90
182
26
221
125
194
35
95
149
75
254
96
43
145
240
239
167
76
137
218
110
32
247
251
90
243
197
138
142
59
123
68
191
173
187
254
47
199
121
182
41
196
70
68
20
169
183
147
199
103
113
74
78
47
29
35
19
29
157
160
212
18
179
151
159
131
46
253
81
254
144
217
74
91
229
41
216
78
90
0
32
225
209
97
170
49
86
161
151
212
4
114
129
156
167
193
12
24
12
58
210
68
171
140
218
69
253
160
116
43
131
62
95
170
190
31
101
254
146
49
194
76
110
93
83
162
243
220
59
16
216
228
10
230
88
93
121
157
19
245
198
125
32
156
119
110
25
148
164
144
237
164
163
64
210
218
126
89
249
148
179
202
41
64
142
40
206
183
115
24
23
188
10
243
38
148
234
139
87
55
172
194
36
109
65
120
124
52
71
188
1
126
62
200
42
232
43
14
99
112
39
37
155
89
81
4
181
158
219
198
175
243
224
52
243
225
24
165
91
132
159
240
246
10
183
78
14
142
44
46
149
239
129
172
97
7
79
12
3
151
45
17
241
120
79
77
165
157
78
197
81
65
130
85
129
203
204
42
2
27
17
170
222
227
184
146
132
117
180
243
153
187
251
210
14
129
62
105
191
253
143
142
101
15
183
1
63
139
126
147
220
10
168
211
6
230
60
218
89
233
142
131
55
231
0
0
58
39
77
254
143
95
213
31
170
213
127
32
39
109
44
238
42
182
226
55
228
234
248
207
223
191
44
0
88
48
17
199
222
206
219
229
124
111
162
135
135
211
63
190
77
183
149
59
192
108
220
26
120
110
92
157
153
7
194
191
91
219
32
67
174
52
194
249
177
216
227
107
198
227
152
64
250
42
3
47
227
240
89
115
163
113
160
190
200
203
250
87
190
177
86
106
246
243
39
28
72
120
180
127
104
112
54
98
186
239
51
63
232
217
62
212
175
67
40
98
49
93
117
225
164
6
255
94
183
218
180
206
161
200
245
36
240
155
42
170
136
202
34
109
83
189
86
158
90
33
141
214
131
10
184
230
65
77
174
153
162
154
1
20
160
89
123
187
78
175
196
169
16
86
195
171
92
178
171
96
254
246
113
234
239
216
57
92
211
33
158
186
103
68
176
22
212
105
210
198
229
139
70
131
63
203
35
40
196
159
206
161
84
121
63
238
156
68
86
77
65
73
34
63
250
217
218
50
138
51
242
197
88
32
197
147
150
118
141
145
119
94
130
77
6
82
40
75
125
162
64
191
176
167
199
213
88
71
97
65
227
96
231
47
104
154
28
55
13
244
229
161
28
247
254
150
56
141
29
111
34
6
30
204
190
123
138
175
96
120
59
42
177
163
194
112
162
136
40
130
43
46
190
171
95
228
68
177
125
190
233
60
30
252
71
244
72
45
215
144
34
134
149
104
242
219
241
184
102
193
195
198
215
0
230
120
125
126
12
139
204
79
135
8
117
100
27
95
98
171
236
111
225
246
197
82
146
109
67
233
51
14
156
0
163
125
147
72
88
66
140
198
166
183
200
31
176
250
116
205
88
98
47
205
150
173
224
83
245
117
230
97
80
14
187
163
130
114
222
211
224
80
116
153
152
66
53
132
64
169
194
240
142
10
127
54
253
20
84
149
80
102
147
160
122
164
179
51
122
197
95
238
47
178
172
157
216
93
47
226
66
48
42
250
221
200
104
39
165
12
196
197
158
230
5
99
1
177
233
110
139
177
150
160
10
88
204
71
122
237
75
224
2
31
231
10
145
174
61
17
108
58
168
5
107
119
144
134
1
169
129
48
190
168
239
77
195
26
190
40
165
115
249
134
123
147
130
134
90
239
51
119
172
37
245
13
61
80
198
160
193
105
44
37
39
155
160
145
223
29
107
37
162
220
49
94
102
177
45
122
121
26
17
175
78
241
10
211
55
18
13
169
148
117
108
150
107
72
214
130
242
237
215
93
240
209
56
185
184
191
9
148
236
80
131
60
146
122
223
10
17
212
186
11
71
155
227
182
13
83
210
175
95
118
168
80
171
47
13
98
131
174
183
9
226
149
208
191
158
2
2
177
18
118
254
201
97
141
115
140
254
126
55
48
183
75
55
118
147
96
19
208
220
51
219
83
255
164
193
41
177
204
47
81
243
220
190
32
150
160
95
99
221
87
159
60
238
242
162
112
121
244
88
94
175
248
154
12
201
60
76
168
9
27
90
209
230
16
157
250
1
92
79
32
21
142
123
166
56
39
156
194
148
109
50
75
252
202
142
205
230
233
246
167
121
108
236
125
231
103
172
115
70
54
216
5
250
133
23
195
106
249
25
110
45
10
106
154
125
7
47
225
134
39
26
181
195
59
69
164
58
206
183
35
76
98
48
235
226
20
255
179
181
143
33
39
152
95
99
252
111
156
135
116
238
136
61
42
126
223
34
207
99
102
153
50
223
169
108
151
181
43
119
109
109
27
71
187
124
230
190
228
229
192
153
202
7
154
203
10
239
52
184
223
56
227
103
88
169
50
150
105
7
219
154
181
229
150
103
192
205
107
25
179
86
39
168
33
115
0
102
162
204
193
120
73
195
111
221
122
214
181
54
114
50
66
211
75
216
111
173
96
208
101
216
122
94
209
156
132
71
118
220
64
61
40
20
191
232
195
83
61
92
37
120
253
8
127
7
21
65
172
31
139
104
246
156
132
160
108
3
40
213
105
185
91
162
239
136
255
144
163
216
234
60
34
0
80
95
65
108
243
150
190
11
83
230
37
193
103
190
233
63
22
54
249
99
165
252
154
44
205
168
51
97
66
221
232
63
187
152
91
93
6
53
55
231
179
218
38
81
6
18
205
198
191
213
230
169
70
38
4
47
66
116
233
47
45
100
218
171
52
71
97
161
80
222
173
130
41
158
85
123
115
196
82
54
206
115
190
200
212
36
120
232
255
184
249
136
79
0
180
91
212
227
3
69
138
182
76
229
18
208
139
208
32
141
12
87
240
29
104
216
167
51
102
43
36
78
191
115
100
83
37
80
22
8
21
29
232
25
220
216
10
91
12
184
204
47
213
117
209
5
16
231
189
225
188
215
184
66
96
196
192
31
50
168
138
235
28
141
240
24
250
203
70
229
59
190
222
52
180
84
216
74
8
188
255
52
79
133
54
113
205
214
129
114
144
200
100
146
96
66
82
26
96
191
12
173
27
229
110
15
163
113
216
120
191
45
119
163
192
185
211
223
241
63
244
41
136
162
211
62
16
43
72
157
158
105
252
234
74
234
25
135
122
138
10
209
3
253
214
7
49
137
160
126
220
24
163
79
197
80
45
15
82
219
108
113
165
63
144
186
197
253
44
17
158
29
116
121
15
241
253
249
213
93
21
149
247
26
171
237
216
2
2
232
184
161
43
65
195
6
48
146
83
134
35
66
210
205
163
244
240
66
90
171
153
53
232
5
94
245
100
237
183
212
240
29
5
41
159
243
145
178
151
163
17
24
139
101
10
143
38
21
151
132
208
131
37
144
171
221
20
10
78
74
248
45
160
207
245
109
209
181
184
7
150
156
75
9
32
95
56
147
115
201
160
192
143
179
84
41
148
254
224
192
192
153
126
105
80
118
167
119
234
122
103
138
84
103
93
255
83
155
104
6
184
101
56
150
111
17
172
104
232
71
226
94
241
146
110
180
36
215
155
156
103
232
46
68
147
201
32
50
243
146
138
36
246
51
219
229
52
0
151
237
177
15
69
87
31
166
65
193
214
136
179
161
67
195
84
213
146
144
245
150
208
17
34
160
134
192
244
7
249
185
53
77
30
222
116
233
62
11
135
200
127
69
133
163
124
132
75
88
18
186
107
76
203
199
211
126
38
222
50
156
146
191
175
164
82
162
49
176
2
223
223
88
134
77
90
154
228
86
6
248
127
23
234
127
226
229
215
78
25
182
195
55
30
37
83
44
85
67
33
16
132
114
133
146
153
77
201
121
215
55
166
218
210
102
146
147
234
130
143
45
66
90
6
37
243
132
126
153
230
225
217
60
112
192
75
89
122
252
200
80
135
70
29
47
51
216
0
7
62
186
18
143
54
204
18
230
6
137
83
39
1
0
0
0
0
0
0
0
0
0
0
0
0
0
0
0
0
0
0
0
0
0
0
0
0
0
0
0
0
0
0
0
0
0
0
0
0
0
0
0
0
0
0
0
0
0
0
0
0
0
0
0
0
0
0
0
0
0
0
0
0
0
0
0
0
0
0
0
0
0
0
0
0
0
0
0
0
0
0
0
0
0
0
0
0
0
0
0
0
0
0
0
0
0
0
0
0
0
0
0
0
0
0
0
0
0
0
0
0
0
0
0
0
0
0
0
0
0
0
0
0
0
0
0
0
0
0
0
0
0
0
0
0
0
0
0
0
0
0
0
0
0
0
0
0
0
0
0
0
0
0
0
0
0
0
0
0
0
0
0
0
0
0
0
0
0
0
0
0
0
0
0
0
0
0
0
0
0
0
0
0
0
0
0
0
0
0
0
0
0
0
0
0
0
0
0
0
0
0
0
0
0
0
0
0
0
0
0
0
0
0
0
0
0
0
0
0
0
0
0
0
0
0
0
0
0
0
0
0
0
0
0
0
0
0
0
0
0
0
0
0
0
0
0
0
0
0
0
0
0
0
0
0
0
0
0
0
0
0
0
0
0
0
0
0
0
0
0
0
0
0
0
0
0
0
0
0
0
0
0
0
0
0
0
0
0
0
0
0
0
0
0
0
0
0
0
0
0
0
0
0
0
0
0
0
0
0
0
0
0
0
0
0
0
0
0
0
0
0
0
0
0
0
0
0
0
0
0
0
0
0
0
0
0
0
0
0
0
0
0
0
0
0
0
0
0
0
0
0
0
0
0
0
0
0
0
0
0
0
0
0
0
0
0
0
0
0
0
0
0
0
0
0
0
0
0
0
0
0
0
0
0
0
0
0
0
0
0
0
0
0
0
0
0
0
0
0
0
0
0
0
0
0
0
0
0
0
0
0
0
0
0
0
0
0
0
0
0
0
0
0
0
0
0
0
0
0
0
0
0
0
0
0
0
0
0
0
0
0
0
0
0
0
0
0
0
0
0
0
199
212
28
71
97
174
204
18
175
48
152
160
34
108
160
156
7
239
111
26
249
89
57
219
113
31
205
170
36
157
115
175
242
231
87
158
221
27
83
63
15
245
17
37
181
115
201
137
43
161
230
99
148
250
38
7
0
47
214
204
91
83
141
53
0
0
0
0
0
0
0
0
0
0
0
0
0
0
0
0
0
0
0
0
0
0
0
0
0
0
0
0
0
0
0
0
0
0
0
0
0
0
0
0
0
0
0
0
0
0
0
0
0
0
0
0
0
0
0
0
0
0
0
0
0
0
0
0
0
0
0
0
0
0
0
0
0
0
0
0
0
0
0
0
0
0
0
0
0
0
0
0
0
0
0
0
0
0
0
0
0
0
0
0
0
0
0
0
0
0
0
0
0
0
0
0
0
0
0
0
0
0
0
0
0
0
0
0
0
0
0
0
0
0
0
0
0
0
0
0
0
0
0
0
0
0
0
0
0
0
0
0
0
0
0
0
0
0
0
0
0
0
0
0
0
0
0
0
0
0
0
0
0
0
0
0
0
0
0
0
0
0
0
0
0
0
0
0
0
0
0
0
0
0
0
0
0
0
0
0
0
0
0
0
0
0
0
0
0
0
0
0
0
0
0
0
0
0
0
0
0
0
0
0
0
0
0
0
0
0
0
0
0
0
0
0
0
0
0
0
0
0
0
0
0
0
0
0
0
0
0
0
0
0
0
0
0
0
0
0
0
0
0
0
0
0
0
0
0
0
0
0
0
0
0
0
0
0
0
0
0
0
0
0
0
0
0
0
0
0
0
0
0
0
0
0
0
0
0
0
0
0
0
0
0
0
0
0
0
0
0
0
0
0
0
0
0
0
0
0
0
0
0
0
0
0
0
0
0
0
0
0
0
0
0
0
0
0
0
0
0
0
0
0
0
0
0
0
0
0
0
0
0
0
0
0
0
0
0
0
0
0
0
0
0
0
0
0
0
0
0
0
0
0
0
0
0
0
0
0
0
0
0
0
0
0
0
0
0
0
0
0
0
0
0
0
0
0
0
0
0
0
0
0
0
0
0
0
0
0
0
0
0
0
0
0
0
0
0
0
0
0
0
0
0
0
0
0
0
0
0
0
0
0
0
0
0
0
0
0
0
0
0
0
0
0
0
0
0
0
0
0
83
104
115
88
236
43
103
137
179
166
247
145
252
59
173
100
77
159
246
68
41
140
150
102
85
219
101
216
147
62
230
255
131
39
230
38
4
196
137
98
214
104
76
89
122
50
218
193
118
129
185
145
45
38
150
192
62
32
158
230
16
214
239
13
0
0
0
0
0
0
0
0
0
0
0
0
0
0
0
0
0
0
0
0
0
0
0
0
0
0
0
0
0
0
0
0
0
0
0
0
0
0
0
0
0
0
0
0
0
0
0
0
0
0
0
0
0
0
0
0
0
0
0
0
0
0
0
0
0
0
0
0
0
0
0
0
0
0
0
0
0
0
0
0
0
0
0
0
0
0
0
0
0
0
0
0
0
0
0
0
0
0
0
0
0
0
0
0
0
0
0
0
0
0
0
0
0
0
0
0
0
0
0
0
0
0
0
0
0
0
0
0
0
0
0
0
0
0
0
0
0
0
0
0
0
0
0
0
0
0
0
0
0
0
0
0
0
0
0
0
0
0
0
0
0
0
0
0
0
0
0
0
0
0
0
0
0
0
0
0
0
0
0
0
0
0
0
0
0
0
0
0
0
0
0
0
0
0
0
0
0
0
0
0
0
0
0
0
0
0
0
0
0
0
0
0
0
0
0
0
0
0
0
0
0
0
0
0
0
0
0
0
0
0
0
0
0
0
0
0
0
0
0
0
0
0
0
0
0
0
0
0
0
0
0
0
0
0
0
0
0
0
0
0
0
0
0
0
0
0
0
0
0
0
0
0
0
0
0
0
0
0
0
0
0
0
0
0
0
0
0
0
0
0
0
0
0
0
0
0
0
0
0
0
0
0
0
0
0
0
0
0
0
0
0
0
0
0
0
0
0
0
0
0
0
0
0
0
0
0
0
0
0
0
0
0
0
0
0
0
0
0
0
0
0
0
0
0
0
0
0
0
0
0
0
0
0
0
0
0
0
0
0
0
0
0
0
0
0
0
0
0
0
0
0
0
0
0
0
0
0
0
0
0
0
0
0
0
0
0
0
0
0
0
0
0
0
0
0
0
0
0
0
0
0
0
0
0
0
0
0
0
0
0
0
0
0
0
0
0
0
0
0
0
0
0
0
0
0
0
0
0
0
0
0
0
0
0
0
0
0
0
0
0
0
0
0
0
0
0
0
0
117
211
234
105
88
94
219
88
208
79
13
220
65
246
110
40
156
240
254
10
235
207
66
18
235
230
29
132
131
167
124
244
197
169
77
102
199
149
168
85
167
35
86
107
109
103
156
175
106
24
125
195
65
153
214
206
110
100
197
200
232
182
194
137
0
0
0
0
0
0
0
0
0
0
0
0
0
0
0
0
0
0
0
0
0
0
0
0
0
0
0
0
0
0
0
0
0
0
0
0
0
0
0
0
0
0
0
0
0
0
0
0
0
0
0
0
0
0
0
0
0
0
0
0
0
0
0
0
0
0
0
0
0
0
0
0
0
0
0
0
0
0
0
0
0
0
0
0
0
0
0
0
0
0
0
0
0
0
0
0
0
0
0
0
0
0
0
0
0
0
0
0
0
0
0
0
0
0
0
0
0
0
0
0
0
0
0
0
0
0
0
0
0
0
0
0
0
0
0
0
0
0
0
0
0
0
0
0
0
0
0
0
0
0
0
0
0
0
0
0
0
0
0
0
0
0
0
0
0
0
0
0
0
0
0
0
0
0
0
0
0
0
0
0
0
0
0
0
0
0
0
0
0
0
0
0
0
0
0
0
0
0
0
0
0
0
0
0
0
0
0
0
0
0
0
0
0
0
0
0
0
0
0
0
0
0
0
0
0
0
0
0
0
0
0
0
0
0
0
0
0
0
0
0
0
0
0
0
0
0
0
0
0
0
0
0
0
0
0
0
0
0
0
0
0
0
0
0
0
0
0
0
0
0
0
0
0
0
0
0
0
0
0
0
0
0
0
0
0
0
0
0
0
0
0
0
0
0
0
0
0
0
0
0
0
0
0
0
0
0
0
0
0
0
0
0
0
0
0
0
0
0
0
0
0
0
0
0
0
0
0
0
0
0
0
0
0
0
0
0
0
0
0
0
0
0
0
0
0
0
0
0
0
0
0
0
0
0
0
0
0
0
0
0
0
0
0
0
0
0
0
0
0
0
0
0
0
0
0
0
0
0
0
0
0
0
0
0
0
0
0
0
0
0
0
0
0
0
0
0
0
0
0
0
0
0
0
0
0
0
0
0
0
0
0
0
0
0
0
0
0
0
0
0
0
0
0
0
0
0
0
0
0
0
0
0
0
0
0
0
0
0
0
0
0
0
0
0
0
0
0
0
