67
79
80
49
1
0
16
0
24
1
0
32
0
112
0
32
5
0
0
0
5
0
0
0
5
0
0
0
2
0
79
8
48
1
0
0
48
64
0
0
0
0
0
0
49
1
2
0
49
64
0
0
0
0
0
0
50
64
0
0
112
70
0
0
50
1
1
0
16
0
0
0
48
64
0
0
96
142
4
0
49
1
3
1
50
64
0
0
0
1
0
0
16
0
0
0
36
64
41
0
11
211
133
123
5
1
1
0
15
1
1
0
0
64
0
0
0
0
0
0
1
64
0
0
0
0
0
0
2
64
0
0
0
0
0
0
3
64
0
0
0
0
0
0
11
1
0
0
12
1
0
0
10
1
39
1
4
1
38
0
5
64
0
0
24
45
0
0
4
64
0
0
39
0
0
0
6
64
0
0
1
0
0
0
9
1
255
255
7
1
0
0
0
1
0
0
1
1
23
0
3
1
0
0
2
1
23
0
20
1
65
0
31
1
2
0
16
64
0
0
0
148
0
0
17
64
0
0
0
0
0
0
18
64
0
0
0
0
0
0
19
64
0
0
0
0
0
0
18
1
0
0
17
1
147
0
19
1
15
0
27
1
0
0
28
1
0
0
26
1
147
0
21
64
0
0
0
148
0
0
20
64
0
0
16
0
0
0
22
64
0
0
64
9
0
0
24
1
10
0
33
1
0
0
32
1
47
0
34
1
5
0
46
1
0
0
40
1
2
0
32
64
0
0
160
0
0
0
33
64
0
0
208
69
0
0
41
1
2
0
34
64
0
0
0
0
0
0
35
64
0
0
160
0
0
0
37
1
4
0
38
1
128
255
39
1
127
0
22
1
0
0
21
1
63
0
23
1
31
0
36
1
0
2
47
1
0
0
17
0
0
0
2
0
0
0
48
64
0
0
112
70
0
0
49
1
2
0
49
64
0
0
192
152
9
0
50
64
0
0
240
71
4
0
16
0
0
0
16
64
0
0
64
157
0
0
19
1
233
0
32
64
0
0
32
162
9
0
33
64
0
0
144
62
4
0
34
64
0
0
192
152
9
0
35
64
0
0
96
9
0
0
47
1
7
0
17
0
0
0
2
0
0
0
48
64
0
0
96
143
4
0
49
64
0
0
128
106
5
0
50
64
0
0
64
46
4
0
16
0
0
0
48
64
0
0
160
189
8
0
49
1
3
1
49
64
0
0
0
1
0
0
50
64
0
0
0
1
0
0
16
0
0
0
36
64
40
0
189
152
110
91
5
1
65
0
15
1
2
0
0
64
0
0
0
148
0
0
10
1
147
0
4
1
249
0
5
64
0
0
0
148
0
0
4
64
0
0
16
0
0
0
6
64
0
0
64
9
0
0
9
1
176
255
1
1
3
0
2
1
3
0
16
64
0
0
0
0
0
0
19
1
249
0
24
1
32
0
32
1
6
0
34
1
4
0
32
64
0
0
128
116
5
0
33
64
0
0
64
36
4
0
34
64
0
0
128
106
5
0
35
64
0
0
0
10
0
0
37
1
36
0
21
1
127
0
23
1
15
0
17
0
0
0
2
0
0
0
48
64
0
0
160
190
8
0
49
1
2
0
49
64
0
0
0
40
1
0
50
64
0
0
128
66
4
0
16
0
0
0
48
64
0
0
32
1
13
0
49
1
3
1
49
64
0
0
0
2
0
0
50
64
0
0
0
1
0
0
16
0
0
0
36
64
40
0
184
138
69
91
0
64
0
0
0
0
0
0
9
1
192
255
16
64
0
0
0
148
0
0
24
1
37
0
32
64
0
0
0
50
1
0
33
64
0
0
128
56
4
0
34
64
0
0
0
40
1
0
37
1
68
0
17
0
0
0
2
0
0
0
48
64
0
0
32
2
13
0
49
1
2
0
49
64
0
0
128
106
5
0
50
64
0
0
16
64
4
0
18
0
1
0
16
0
0
0
48
64
0
0
48
66
17
0
49
1
3
1
49
64
0
0
0
3
0
0
50
64
0
0
0
1
0
0
16
0
0
0
36
64
40
0
62
54
187
82
0
64
0
0
0
148
0
0
9
1
196
255
16
64
0
0
240
64
4
0
24
1
18
0
32
64
0
0
128
116
5
0
33
64
0
0
16
54
4
0
34
64
0
0
128
106
5
0
37
1
100
0
17
0
0
0
2
0
0
0
48
64
0
0
48
67
17
0
49
1
2
0
49
64
0
0
144
170
9
0
50
64
0
0
192
64
4
0
16
0
0
0
48
64
0
0
240
131
21
0
49
1
3
1
49
64
0
0
0
4
0
0
50
64
0
0
0
1
0
0
16
0
0
0
36
64
40
0
193
177
175
77
0
64
0
0
240
64
4
0
9
1
182
255
16
64
0
0
48
136
8
0
24
1
29
0
32
64
0
0
144
180
9
0
33
64
0
0
192
54
4
0
34
64
0
0
144
170
9
0
37
1
132
0
17
0
0
0
2
0
0
0
48
64
0
0
240
132
21
0
49
1
2
0
49
64
0
0
0
0
0
0
50
64
0
0
240
64
4
0
18
0
1
0
16
0
0
0
48
64
0
0
224
197
25
0
49
1
3
1
49
64
0
0
0
5
0
0
50
64
0
0
0
1
0
0
16
0
0
0
36
64
40
0
86
209
102
69
0
64
0
0
48
136
8
0
9
1
190
255
16
64
0
0
0
192
12
0
24
1
22
0
32
64
0
0
0
10
0
0
33
64
0
0
240
54
4
0
34
64
0
0
0
0
0
0
37
1
164
0
17
0
0
0
2
0
0
0
48
64
0
0
224
198
25
0
49
1
2
0
49
64
0
0
240
64
4
0
50
64
0
0
64
71
4
0
18
0
1
0
16
0
0
0
48
64
0
0
32
14
30
0
49
1
3
1
49
64
0
0
0
6
0
0
50
64
0
0
0
1
0
0
16
0
0
0
36
64
40
0
108
104
44
86
0
64
0
0
0
192
12
0
9
1
185
255
16
64
0
0
0
84
13
0
24
1
40
0
32
64
0
0
240
74
4
0
33
64
0
0
64
61
4
0
34
64
0
0
240
64
4
0
37
1
196
0
17
0
0
0
2
0
0
0
48
64
0
0
32
15
30
0
49
1
2
0
49
64
0
0
48
136
8
0
50
64
0
0
208
55
4
0
18
0
1
0
16
0
0
0
48
64
0
0
240
70
34
0
49
1
3
1
49
64
0
0
0
7
0
0
50
64
0
0
0
1
0
0
16
0
0
0
36
64
39
0
167
195
117
99
0
64
0
0
0
84
13
0
9
1
199
255
16
64
0
0
128
11
15
0
24
1
244
255
32
64
0
0
48
146
8
0
33
64
0
0
208
45
4
0
34
64
0
0
48
136
8
0
37
1
228
0
17
0
0
0
2
0
0
0
48
64
0
0
240
71
34
0
49
1
2
0
49
64
0
0
0
0
0
0
50
64
0
0
0
130
7
0
18
0
1
0
16
0
0
0
48
64
0
0
80
27
91
1
49
1
3
1
50
64
0
0
0
1
0
0
16
0
0
0
36
64
42
0
249
126
228
88
0
64
0
0
128
11
15
0
9
1
164
255
1
1
15
0
2
1
16
0
31
1
1
0
16
64
0
0
0
0
0
0
19
1
47
0
21
64
0
0
64
132
4
0
24
1
2
0
32
1
31
0
46
1
1
0
32
64
0
0
224
1
0
0
33
64
0
0
32
128
7
0
34
64
0
0
0
0
0
0
35
64
0
0
224
1
0
0
37
1
4
0
17
0
0
0
2
0
0
0
48
64
0
0
240
201
41
0
49
1
2
0
49
64
0
0
128
137
7
0
50
64
0
0
0
130
7
0
18
0
1
0
16
0
0
0
16
64
0
0
192
27
0
0
32
64
0
0
96
139
7
0
34
64
0
0
128
137
7
0
17
0
0
0
2
0
0
0
48
64
0
0
240
75
49
0
49
64
0
0
0
0
0
0
18
0
1
0
16
0
0
0
16
64
0
0
128
55
0
0
32
64
0
0
224
1
0
0
34
64
0
0
0
0
0
0
17
0
0
0
2
0
0
0
48
64
0
0
240
205
56
0
49
64
0
0
128
137
7
0
18
0
1
0
16
0
0
0
16
64
0
0
64
83
0
0
32
64
0
0
96
139
7
0
34
64
0
0
128
137
7
0
17
0
0
0
2
0
0
0
48
64
0
0
240
79
64
0
49
64
0
0
0
0
0
0
18
0
1
0
16
0
0
0
16
64
0
0
0
111
0
0
32
64
0
0
224
1
0
0
34
64
0
0
0
0
0
0
17
0
0
0
2
0
0
0
48
64
0
0
240
209
71
0
49
64
0
0
128
137
7
0
18
0
1
0
16
0
0
0
16
64
0
0
192
138
0
0
32
64
0
0
96
139
7
0
34
64
0
0
128
137
7
0
17
0
0
0
2
0
0
0
48
64
0
0
240
83
79
0
49
64
0
0
0
0
0
0
18
0
1
0
16
0
0
0
16
64
0
0
128
166
0
0
32
64
0
0
224
1
0
0
34
64
0
0
0
0
0
0
17
0
0
0
2
0
0
0
48
64
0
0
240
213
86
0
49
64
0
0
128
137
7
0
18
0
1
0
16
0
0
0
16
64
0
0
64
194
0
0
32
64
0
0
96
139
7
0
34
64
0
0
128
137
7
0
17
0
0
0
2
0
0
0
48
64
0
0
240
87
94
0
49
64
0
0
0
0
0
0
18
0
1
0
16
0
0
0
16
64
0
0
0
222
0
0
32
64
0
0
224
1
0
0
34
64
0
0
0
0
0
0
17
0
0
0
2
0
0
0
48
64
0
0
240
217
101
0
49
64
0
0
128
137
7
0
18
0
1
0
16
0
0
0
16
64
0
0
192
249
0
0
32
64
0
0
96
139
7
0
34
64
0
0
128
137
7
0
17
0
0
0
2
0
0
0
48
64
0
0
240
91
109
0
49
64
0
0
0
0
0
0
18
0
1
0
16
0
0
0
16
64
0
0
128
21
1
0
32
64
0
0
224
1
0
0
34
64
0
0
0
0
0
0
17
0
0
0
2
0
0
0
48
64
0
0
240
221
116
0
49
64
0
0
128
137
7
0
18
0
1
0
16
0
0
0
16
64
0
0
64
49
1
0
32
64
0
0
96
139
7
0
34
64
0
0
128
137
7
0
17
0
0
0
2
0
0
0
48
64
0
0
240
95
124
0
49
64
0
0
0
0
0
0
18
0
1
0
16
0
0
0
16
64
0
0
0
77
1
0
32
64
0
0
224
1
0
0
34
64
0
0
0
0
0
0
17
0
0
0
2
0
0
0
48
64
0
0
240
225
131
0
49
64
0
0
128
137
7
0
18
0
1
0
16
0
0
0
16
64
0
0
192
104
1
0
32
64
0
0
96
139
7
0
34
64
0
0
128
137
7
0
17
0
0
0
2
0
0
0
48
64
0
0
240
99
139
0
49
64
0
0
0
0
0
0
18
0
1
0
16
0
0
0
16
64
0
0
128
132
1
0
32
64
0
0
224
1
0
0
34
64
0
0
0
0
0
0
17
0
0
0
2
0
0
0
48
64
0
0
240
229
146
0
49
64
0
0
128
137
7
0
18
0
1
0
16
0
0
0
16
64
0
0
64
160
1
0
32
64
0
0
96
139
7
0
34
64
0
0
128
137
7
0
17
0
0
0
2
0
0
0
48
64
0
0
240
103
154
0
49
64
0
0
0
0
0
0
18
0
1
0
16
0
0
0
16
64
0
0
0
188
1
0
32
64
0
0
224
1
0
0
34
64
0
0
0
0
0
0
17
0
0
0
2
0
0
0
48
64
0
0
240
233
161
0
49
64
0
0
128
137
7
0
18
0
1
0
16
0
0
0
16
64
0
0
192
215
1
0
32
64
0
0
96
139
7
0
34
64
0
0
128
137
7
0
17
0
0
0
2
0
0
0
48
64
0
0
240
107
169
0
49
64
0
0
0
0
0
0
18
0
1
0
16
0
0
0
16
64
0
0
128
243
1
0
32
64
0
0
224
1
0
0
34
64
0
0
0
0
0
0
17
0
0
0
2
0
0
0
48
64
0
0
240
237
176
0
49
64
0
0
128
137
7
0
18
0
1
0
16
0
0
0
16
64
0
0
64
15
2
0
32
64
0
0
96
139
7
0
34
64
0
0
128
137
7
0
17
0
0
0
2
0
0
0
48
64
0
0
240
111
184
0
49
64
0
0
0
0
0
0
18
0
1
0
16
0
0
0
16
64
0
0
0
43
2
0
32
64
0
0
224
1
0
0
34
64
0
0
0
0
0
0
17
0
0
0
2
0
0
0
48
64
0
0
240
241
191
0
49
64
0
0
128
137
7
0
18
0
1
0
16
0
0
0
16
64
0
0
192
70
2
0
32
64
0
0
96
139
7
0
34
64
0
0
128
137
7
0
17
0
0
0
2
0
0
0
48
64
0
0
240
115
199
0
49
64
0
0
0
0
0
0
18
0
1
0
16
0
0
0
16
64
0
0
128
98
2
0
32
64
0
0
224
1
0
0
34
64
0
0
0
0
0
0
17
0
0
0
2
0
0
0
48
64
0
0
240
245
206
0
49
64
0
0
128
137
7
0
18
0
1
0
16
0
0
0
16
64
0
0
64
126
2
0
32
64
0
0
96
139
7
0
34
64
0
0
128
137
7
0
17
0
0
0
2
0
0
0
48
64
0
0
240
119
214
0
49
64
0
0
0
0
0
0
18
0
1
0
16
0
0
0
16
64
0
0
0
154
2
0
32
64
0
0
224
1
0
0
34
64
0
0
0
0
0
0
17
0
0
0
2
0
0
0
48
64
0
0
240
249
221
0
49
64
0
0
128
137
7
0
18
0
1
0
16
0
0
0
16
64
0
0
192
181
2
0
32
64
0
0
96
139
7
0
34
64
0
0
128
137
7
0
17
0
0
0
2
0
0
0
48
64
0
0
240
123
229
0
49
64
0
0
0
0
0
0
18
0
1
0
16
0
0
0
16
64
0
0
128
209
2
0
32
64
0
0
224
1
0
0
34
64
0
0
0
0
0
0
17
0
0
0
2
0
0
0
48
64
0
0
240
253
236
0
49
64
0
0
128
137
7
0
18
0
1
0
16
0
0
0
16
64
0
0
64
237
2
0
32
64
0
0
96
139
7
0
34
64
0
0
128
137
7
0
17
0
0
0
2
0
0
0
48
64
0
0
240
127
244
0
49
64
0
0
0
0
0
0
18
0
1
0
16
0
0
0
16
64
0
0
0
9
3
0
32
64
0
0
224
1
0
0
34
64
0
0
0
0
0
0
17
0
0
0
2
0
0
0
48
64
0
0
240
1
252
0
49
64
0
0
128
137
7
0
18
0
1
0
16
0
0
0
16
64
0
0
192
36
3
0
32
64
0
0
96
139
7
0
34
64
0
0
128
137
7
0
17
0
0
0
2
0
0
0
48
64
0
0
240
131
3
1
49
64
0
0
0
0
0
0
18
0
1
0
16
0
0
0
16
64
0
0
128
64
3
0
32
64
0
0
224
1
0
0
34
64
0
0
0
0
0
0
17
0
0
0
2
0
0
0
48
64
0
0
240
5
11
1
49
64
0
0
128
137
7
0
18
0
1
0
16
0
0
0
16
64
0
0
64
92
3
0
32
64
0
0
96
139
7
0
34
64
0
0
128
137
7
0
17
0
0
0
2
0
0
0
48
64
0
0
240
135
18
1
49
64
0
0
0
0
0
0
18
0
1
0
16
0
0
0
16
64
0
0
0
120
3
0
32
64
0
0
224
1
0
0
34
64
0
0
0
0
0
0
17
0
0
0
2
0
0
0
48
64
0
0
240
9
26
1
49
64
0
0
128
137
7
0
18
0
1
0
16
0
0
0
16
64
0
0
192
147
3
0
32
64
0
0
96
139
7
0
34
64
0
0
128
137
7
0
17
0
0
0
2
0
0
0
48
64
0
0
240
139
33
1
49
64
0
0
0
0
0
0
18
0
1
0
16
0
0
0
16
64
0
0
128
175
3
0
32
64
0
0
224
1
0
0
34
64
0
0
0
0
0
0
17
0
0
0
2
0
0
0
48
64
0
0
240
13
41
1
49
64
0
0
128
137
7
0
18
0
1
0
16
0
0
0
16
64
0
0
64
203
3
0
32
64
0
0
96
139
7
0
34
64
0
0
128
137
7
0
17
0
0
0
2
0
0
0
48
64
0
0
240
143
48
1
49
64
0
0
0
0
0
0
18
0
1
0
16
0
0
0
16
64
0
0
0
231
3
0
32
64
0
0
224
1
0
0
34
64
0
0
0
0
0
0
17
0
0
0
2
0
0
0
48
64
0
0
240
17
56
1
49
64
0
0
128
137
7
0
18
0
1
0
16
0
0
0
16
64
0
0
192
2
4
0
32
64
0
0
96
139
7
0
34
64
0
0
128
137
7
0
17
0
0
0
2
0
0
0
48
64
0
0
240
147
63
1
49
64
0
0
0
0
0
0
18
0
1
0
16
0
0
0
16
64
0
0
128
30
4
0
32
64
0
0
224
1
0
0
34
64
0
0
0
0
0
0
17
0
0
0
2
0
0
0
48
64
0
0
240
21
71
1
49
64
0
0
128
137
7
0
18
0
1
0
16
0
0
0
16
64
0
0
64
58
4
0
32
64
0
0
96
139
7
0
34
64
0
0
128
137
7
0
17
0
0
0
2
0
0
0
48
64
0
0
240
151
78
1
49
64
0
0
0
0
0
0
18
0
1
0
16
0
0
0
16
64
0
0
0
86
4
0
32
64
0
0
224
1
0
0
34
64
0
0
0
0
0
0
17
0
0
0
2
0
0
0
48
64
0
0
240
25
86
1
49
64
0
0
128
137
7
0
50
64
0
0
96
1
5
0
18
0
1
0
16
0
0
0
16
64
0
0
192
113
4
0
19
1
31
0
32
64
0
0
192
138
7
0
33
64
0
0
32
0
5
0
34
64
0
0
128
137
7
0
35
64
0
0
64
1
0
0
17
0
0
0
2
0
0
0
48
64
0
0
80
28
91
1
49
64
0
0
0
0
0
0
50
64
0
0
128
137
7
0
18
0
1
0
16
0
0
0
48
64
0
0
144
235
153
1
49
1
3
1
49
64
0
0
0
1
0
0
50
64
0
0
0
1
0
0
16
0
0
0
36
64
41
0
210
139
195
93
15
1
1
0
0
64
0
0
0
0
0
0
4
1
207
7
5
64
0
0
64
132
4
0
9
1
172
255
1
1
0
0
2
1
0
0
16
64
0
0
64
132
4
0
19
1
239
0
24
1
49
0
32
1
0
0
34
1
0
0
32
64
0
0
96
9
0
0
33
64
0
0
32
128
7
0
34
64
0
0
0
0
0
0
35
64
0
0
96
9
0
0
37
1
36
0
21
1
39
0
23
1
47
0
47
1
4
0
17
0
0
0
2
0
0
0
48
64
0
0
208
165
98
1
49
1
2
0
49
64
0
0
128
137
7
0
50
64
0
0
128
137
7
0
18
0
1
0
16
0
0
0
16
64
0
0
0
15
5
0
32
64
0
0
224
146
7
0
34
64
0
0
128
137
7
0
47
1
7
0
17
0
0
0
2
0
0
0
48
64
0
0
80
47
106
1
49
64
0
0
0
0
0
0
18
0
1
0
16
0
0
0
16
64
0
0
192
153
5
0
32
64
0
0
96
9
0
0
34
64
0
0
0
0
0
0
17
0
0
0
2
0
0
0
48
64
0
0
208
184
113
1
49
64
0
0
128
137
7
0
18
0
1
0
16
0
0
0
16
64
0
0
128
36
6
0
32
64
0
0
224
146
7
0
34
64
0
0
128
137
7
0
17
0
0
0
2
0
0
0
48
64
0
0
80
66
121
1
49
64
0
0
0
0
0
0
18
0
1
0
16
0
0
0
16
64
0
0
64
175
6
0
32
64
0
0
96
9
0
0
34
64
0
0
0
0
0
0
17
0
0
0
2
0
0
0
48
64
0
0
208
203
128
1
49
64
0
0
128
137
7
0
18
0
1
0
16
0
0
0
16
64
0
0
0
58
7
0
32
64
0
0
224
146
7
0
34
64
0
0
128
137
7
0
17
0
0
0
2
0
0
0
48
64
0
0
80
85
136
1
49
64
0
0
0
0
0
0
18
0
1
0
16
0
0
0
16
64
0
0
192
196
7
0
32
64
0
0
96
9
0
0
34
64
0
0
0
0
0
0
17
0
0
0
2
0
0
0
48
64
0
0
208
222
143
1
49
64
0
0
128
137
7
0
18
0
1
0
16
0
0
0
16
64
0
0
128
79
8
0
32
64
0
0
224
146
7
0
34
64
0
0
128
137
7
0
17
0
0
0
2
0
0
0
48
64
0
0
80
104
151
1
49
64
0
0
0
0
0
0
50
64
0
0
64
131
2
0
18
0
1
0
16
0
0
0
16
64
0
0
64
218
8
0
19
1
79
0
32
64
0
0
32
3
0
0
33
64
0
0
32
128
2
0
34
64
0
0
0
0
0
0
35
64
0
0
32
3
0
0
17
0
0
0
2
0
0
0
48
64
0
0
144
236
153
1
49
64
0
0
128
137
7
0
50
64
0
0
96
1
1
0
18
0
1
0
16
0
0
0
36
64
41
0
105
249
241
125
0
64
0
0
64
132
4
0
9
1
207
255
31
1
2
0
16
64
0
0
0
0
0
0
19
1
28
0
21
64
0
0
128
18
0
0
24
1
187
255
32
64
0
0
192
138
7
0
33
64
0
0
32
0
1
0
34
64
0
0
128
137
7
0
35
64
0
0
64
1
0
0
37
1
0
0
21
1
51
0
23
1
31
0
17
0
0
0
2
0
0
0
15
1
2
0
0
64
0
0
0
0
0
0
4
1
28
0
5
64
0
0
128
18
0
0
9
1
0
0
20
1
65
49
16
64
0
0
128
18
0
0
27
1
28
0
28
1
28
0
26
1
0
0
21
64
0
0
160
0
0
0
22
64
0
0
16
0
0
0
24
1
0
0
36
64
0
0
1
0
0
0
21
1
79
0
36
1
0
1
47
1
1
0
5
0
3
0
0
64
0
0
128
18
0
0
11
1
28
0
12
1
28
0
10
1
0
0
4
1
147
0
5
64
0
0
160
0
0
0
6
64
0
0
16
0
0
0
9
1
187
255
20
1
1
1
16
64
0
0
128
92
0
0
17
1
0
0
19
1
147
0
27
1
0
0
28
1
0
0
21
64
0
0
148
0
0
0
20
64
0
0
148
0
0
0
22
64
0
0
1
0
0
0
24
1
187
255
33
1
28
0
21
1
1
0
23
1
127
0
47
1
0
0
5
0
0
0
48
64
0
0
240
237
154
1
49
1
3
1
49
64
0
0
0
4
0
0
50
64
0
0
0
4
0
0
16
0
0
0
37
64
0
5
1
0
0
0
38
64
0
5
1
0
0
0
0
64
0
0
0
0
0
0
11
1
0
0
12
1
0
0
10
1
147
0
4
1
28
0
5
64
0
0
128
18
0
0
6
64
0
0
64
9
0
0
20
1
69
1
16
64
0
0
128
18
0
0
17
1
147
0
19
1
28
0
26
1
147
0
21
64
0
0
0
74
0
0
20
64
0
0
64
0
0
0
22
64
0
0
0
37
0
0
24
1
127
0
37
1
39
0
133
1
1
0
143
1
2
0
128
64
0
0
128
92
0
0
129
64
0
0
0
0
0
0
130
64
0
0
0
0
0
0
131
64
0
0
0
0
0
0
139
1
0
0
140
1
0
0
138
1
147
0
133
64
0
0
148
0
0
0
132
64
0
0
1
0
0
0
134
64
0
0
1
0
0
0
137
1
187
255
8
1
0
0
128
1
4
0
21
1
15
0
23
1
31
0
17
0
0
0
6
0
2
0
37
64
0
0
1
0
0
0
38
64
0
0
1
0
0
0
36
64
0
32
1
0
0
0
5
1
73
0
0
64
0
0
128
18
0
0
5
64
0
0
0
74
0
0
4
64
0
0
64
0
0
0
6
64
0
0
0
37
0
0
9
1
0
0
20
1
5
1
16
64
0
0
128
92
0
0
21
64
0
0
16
67
0
0
20
64
0
0
116
0
0
0
22
64
0
0
4
0
0
0
24
1
0
0
37
1
0
16
38
1
0
128
39
1
255
255
133
1
9
192
39
64
0
0
12
0
0
0
137
1
0
0
128
1
8
0
21
1
31
0
23
1
15
0
47
1
7
0
6
0
8
0
5
1
9
0
0
64
0
0
128
92
0
0
5
64
0
0
16
67
0
0
4
64
0
0
116
0
0
0
6
64
0
0
4
0
0
0
16
64
0
0
80
2
0
0
19
1
0
0
21
64
0
0
80
2
0
0
20
64
0
0
4
0
0
0
33
1
0
0
21
1
63
0
36
1
0
2
47
1
2
0
5
0
2
0
36
64
0
0
1
0
0
0
0
64
0
0
80
2
0
0
10
1
0
0
4
1
147
0
5
64
0
0
80
2
0
0
4
64
0
0
80
2
0
0
20
1
69
1
16
64
0
0
128
129
0
0
17
1
0
0
19
1
147
0
26
1
0
0
21
64
0
0
128
2
0
0
20
64
0
0
64
0
0
0
22
64
0
0
64
0
0
0
128
1
0
0
21
1
3
0
23
1
159
0
36
1
0
1
47
1
0
0
6
0
7
0
37
64
192
3
1
0
0
0
38
64
192
3
1
0
0
0
5
1
9
192
39
64
0
0
35
0
0
0
20
1
5
1
16
64
0
0
0
0
0
0
21
64
0
0
80
2
0
0
20
64
0
0
80
2
0
0
22
64
0
0
4
0
0
0
133
1
73
0
128
64
0
0
128
129
0
0
138
1
0
0
133
64
0
0
128
2
0
0
132
64
0
0
64
0
0
0
134
64
0
0
64
0
0
0
8
1
8
0
6
0
2
0
5
1
73
0
15
1
2
0
0
64
0
0
128
129
0
0
1
64
0
0
0
0
0
0
2
64
0
0
0
0
0
0
3
64
0
0
0
0
0
0
11
1
0
0
12
1
0
0
10
1
0
0
5
64
0
0
128
2
0
0
4
64
0
0
64
0
0
0
6
64
0
0
64
0
0
0
9
1
0
0
20
1
69
129
31
1
0
0
133
1
9
192
39
64
0
0
1
0
0
0
137
1
0
0
8
1
0
0
128
1
8
0
6
0
2
0
37
64
0
0
1
0
0
0
38
64
0
0
1
0
0
0
5
1
9
0
15
1
2
0
0
64
0
0
80
2
0
0
1
64
0
0
0
0
0
0
2
64
0
0
0
0
0
0
3
64
0
0
0
0
0
0
11
1
0
0
12
1
0
0
10
1
0
0
5
64
0
0
80
2
0
0
4
64
0
0
80
2
0
0
6
64
0
0
4
0
0
0
9
1
0
0
20
1
69
1
31
1
2
0
16
64
0
0
128
92
0
0
21
64
0
0
128
2
0
0
20
64
0
0
64
0
0
0
22
64
0
0
64
0
0
0
133
1
73
128
143
1
0
0
137
1
0
0
128
1
0
0
6
0
9
0
36
64
31
0
0
0
0
64
5
1
73
0
15
1
2
0
0
64
0
0
128
92
0
0
1
64
0
0
0
0
0
0
2
64
0
0
0
0
0
0
3
64
0
0
0
0
0
0
11
1
0
0
12
1
0
0
10
1
0
0
5
64
0
0
128
2
0
0
4
64
0
0
64
0
0
0
6
64
0
0
64
0
0
0
9
1
0
0
20
1
69
129
31
1
0
0
133
1
9
192
39
64
0
0
196
195
195
195
137
1
0
0
128
1
8
0
6
0
0
0
37
64
192
3
1
0
0
0
38
64
192
3
1
0
0
0
36
64
0
0
1
0
0
0
5
1
73
128
15
1
0
0
9
1
0
0
20
1
69
1
31
1
2
0
16
64
0
0
128
166
0
0
133
1
9
192
39
64
0
0
90
90
90
90
137
1
0
0
6
0
1
0
37
64
0
0
1
0
0
0
38
64
0
0
1
0
0
0
36
64
31
0
0
0
0
64
5
1
73
0
15
1
2
0
0
64
0
0
128
166
0
0
1
64
0
0
0
0
0
0
2
64
0
0
0
0
0
0
3
64
0
0
0
0
0
0
11
1
0
0
12
1
0
0
10
1
0
0
5
64
0
0
128
2
0
0
4
64
0
0
64
0
0
0
6
64
0
0
64
0
0
0
9
1
0
0
20
1
69
129
31
1
0
0
133
1
73
0
143
1
2
0
128
64
0
0
128
92
0
0
129
64
0
0
0
0
0
0
130
64
0
0
0
0
0
0
131
64
0
0
0
0
0
0
139
1
0
0
140
1
0
0
138
1
0
0
133
64
0
0
128
2
0
0
132
64
0
0
64
0
0
0
134
64
0
0
64
0
0
0
137
1
0
0
128
1
0
0
6
0
0
0
37
64
192
3
1
0
0
0
38
64
192
3
1
0
0
0
36
64
0
0
1
0
0
0
5
1
9
192
39
64
0
0
0
0
0
32
9
1
0
0
20
1
69
129
31
1
1
0
133
1
73
128
143
1
0
0
137
1
0
0
8
1
8
0
6
0
2
0
37
64
0
0
1
0
0
0
38
64
0
0
1
0
0
0
36
64
31
0
0
0
0
64
5
1
73
0
15
1
2
0
0
64
0
0
128
166
0
0
1
64
0
0
0
0
0
0
2
64
0
0
0
0
0
0
3
64
0
0
0
0
0
0
11
1
0
0
12
1
0
0
10
1
0
0
5
64
0
0
128
2
0
0
4
64
0
0
64
0
0
0
6
64
0
0
64
0
0
0
9
1
0
0
20
1
69
129
31
1
2
0
133
1
73
128
143
1
1
0
137
1
0
0
8
1
0
0
6
0
0
0
36
64
0
0
1
0
0
0
5
1
73
128
15
1
2
0
9
1
0
0
20
1
69
1
16
64
0
0
128
129
0
0
133
1
9
192
39
64
0
0
4
0
0
0
137
1
0
0
128
1
8
0
6
0
0
0
37
64
192
3
1
0
0
0
38
64
192
3
1
0
0
0
5
1
73
0
15
1
2
0
0
64
0
0
128
166
0
0
1
64
0
0
0
0
0
0
2
64
0
0
0
0
0
0
3
64
0
0
0
0
0
0
11
1
0
0
12
1
0
0
10
1
0
0
5
64
0
0
128
2
0
0
4
64
0
0
64
0
0
0
6
64
0
0
64
0
0
0
9
1
0
0
20
1
69
1
133
1
73
0
143
1
2
0
128
64
0
0
128
129
0
0
129
64
0
0
0
0
0
0
130
64
0
0
0
0
0
0
131
64
0
0
0
0
0
0
139
1
0
0
140
1
0
0
138
1
0
0
133
64
0
0
128
2
0
0
132
64
0
0
64
0
0
0
134
64
0
0
64
0
0
0
137
1
0
0
128
1
0
0
6
0
1
0
37
64
0
0
1
0
0
0
38
64
0
0
1
0
0
0
36
64
31
0
0
0
0
64
5
1
73
0
15
1
2
0
0
64
0
0
128
129
0
0
1
64
0
0
0
0
0
0
2
64
0
0
0
0
0
0
3
64
0
0
0
0
0
0
11
1
0
0
12
1
0
0
10
1
0
0
5
64
0
0
128
2
0
0
4
64
0
0
64
0
0
0
6
64
0
0
64
0
0
0
9
1
0
0
20
1
69
129
31
1
0
0
133
1
73
0
143
1
2
0
128
64
0
0
128
92
0
0
129
64
0
0
0
0
0
0
130
64
0
0
0
0
0
0
131
64
0
0
0
0
0
0
139
1
0
0
140
1
0
0
138
1
0
0
133
64
0
0
128
2
0
0
132
64
0
0
64
0
0
0
134
64
0
0
64
0
0
0
137
1
0
0
6
0
0
0
37
64
192
3
1
0
0
0
38
64
192
3
1
0
0
0
36
64
0
0
1
0
0
0
5
1
9
192
39
64
0
0
0
0
0
32
9
1
0
0
20
1
69
129
31
1
1
0
133
1
73
128
143
1
0
0
137
1
0
0
8
1
8
0
6
0
2
0
37
64
0
0
1
0
0
0
38
64
0
0
1
0
0
0
36
64
31
0
0
0
0
64
5
1
73
0
15
1
2
0
0
64
0
0
128
129
0
0
1
64
0
0
0
0
0
0
2
64
0
0
0
0
0
0
3
64
0
0
0
0
0
0
11
1
0
0
12
1
0
0
10
1
0
0
5
64
0
0
128
2
0
0
4
64
0
0
64
0
0
0
6
64
0
0
64
0
0
0
9
1
0
0
20
1
69
129
31
1
2
0
133
1
73
128
143
1
1
0
137
1
0
0
8
1
0
0
6
0
0
0
36
64
0
0
1
0
0
0
5
1
73
128
15
1
2
0
9
1
0
0
20
1
69
1
16
64
0
0
128
166
0
0
133
1
9
192
39
64
0
0
4
0
0
0
137
1
0
0
128
1
8
0
6
0
0
0
37
64
192
3
1
0
0
0
38
64
192
3
1
0
0
0
5
1
73
0
15
1
2
0
0
64
0
0
128
129
0
0
1
64
0
0
0
0
0
0
2
64
0
0
0
0
0
0
3
64
0
0
0
0
0
0
11
1
0
0
12
1
0
0
10
1
0
0
5
64
0
0
128
2
0
0
4
64
0
0
64
0
0
0
6
64
0
0
64
0
0
0
9
1
0
0
20
1
69
1
133
1
73
0
143
1
2
0
128
64
0
0
128
166
0
0
129
64
0
0
0
0
0
0
130
64
0
0
0
0
0
0
131
64
0
0
0
0
0
0
139
1
0
0
140
1
0
0
138
1
0
0
133
64
0
0
128
2
0
0
132
64
0
0
64
0
0
0
134
64
0
0
64
0
0
0
137
1
0
0
128
1
0
0
6
0
1
0
37
64
0
0
1
0
0
0
38
64
0
0
1
0
0
0
36
64
31
0
0
0
0
64
5
1
73
0
15
1
2
0
0
64
0
0
128
166
0
0
1
64
0
0
0
0
0
0
2
64
0
0
0
0
0
0
3
64
0
0
0
0
0
0
11
1
0
0
12
1
0
0
10
1
0
0
5
64
0
0
128
2
0
0
4
64
0
0
64
0
0
0
6
64
0
0
64
0
0
0
9
1
0
0
20
1
69
129
31
1
0
0
133
1
73
0
143
1
2
0
128
64
0
0
128
92
0
0
129
64
0
0
0
0
0
0
130
64
0
0
0
0
0
0
131
64
0
0
0
0
0
0
139
1
0
0
140
1
0
0
138
1
0
0
133
64
0
0
128
2
0
0
132
64
0
0
64
0
0
0
134
64
0
0
64
0
0
0
137
1
0
0
6
0
0
0
37
64
192
3
1
0
0
0
38
64
192
3
1
0
0
0
36
64
0
0
1
0
0
0
5
1
9
192
39
64
0
0
0
0
0
32
9
1
0
0
20
1
69
129
31
1
1
0
133
1
73
128
143
1
0
0
137
1
0
0
8
1
8
0
6
0
2
0
37
64
0
0
1
0
0
0
38
64
0
0
1
0
0
0
36
64
31
0
0
0
0
64
5
1
73
0
15
1
2
0
0
64
0
0
128
166
0
0
1
64
0
0
0
0
0
0
2
64
0
0
0
0
0
0
3
64
0
0
0
0
0
0
11
1
0
0
12
1
0
0
10
1
0
0
5
64
0
0
128
2
0
0
4
64
0
0
64
0
0
0
6
64
0
0
64
0
0
0
9
1
0
0
20
1
69
129
31
1
2
0
133
1
73
128
143
1
1
0
137
1
0
0
8
1
0
0
6
0
0
0
36
64
0
0
1
0
0
0
5
1
73
128
15
1
2
0
9
1
0
0
20
1
69
1
16
64
0
0
128
129
0
0
133
1
9
192
39
64
0
0
4
0
0
0
137
1
0
0
128
1
8
0
6
0
0
0
37
64
192
3
1
0
0
0
38
64
192
3
1
0
0
0
5
1
73
0
15
1
2
0
0
64
0
0
128
166
0
0
1
64
0
0
0
0
0
0
2
64
0
0
0
0
0
0
3
64
0
0
0
0
0
0
11
1
0
0
12
1
0
0
10
1
0
0
5
64
0
0
128
2
0
0
4
64
0
0
64
0
0
0
6
64
0
0
64
0
0
0
9
1
0
0
20
1
5
1
16
64
0
0
80
2
0
0
21
64
0
0
80
2
0
0
20
64
0
0
80
2
0
0
22
64
0
0
4
0
0
0
133
1
73
0
143
1
2
0
128
64
0
0
128
129
0
0
129
64
0
0
0
0
0
0
130
64
0
0
0
0
0
0
131
64
0
0
0
0
0
0
139
1
0
0
140
1
0
0
138
1
0
0
133
64
0
0
128
2
0
0
132
64
0
0
64
0
0
0
134
64
0
0
64
0
0
0
137
1
0
0
128
1
0
0
6
0
1
0
37
64
0
0
1
0
0
0
38
64
0
0
1
0
0
0
36
64
30
0
0
0
0
64
5
1
73
0
15
1
2
0
0
64
0
0
128
18
0
0
1
64
0
0
0
0
0
0
2
64
0
0
0
0
0
0
3
64
0
0
0
0
0
0
11
1
0
0
12
1
0
0
10
1
147
0
4
1
28
0
5
64
0
0
0
74
0
0
4
64
0
0
64
0
0
0
6
64
0
0
0
37
0
0
9
1
0
0
20
1
69
129
31
1
0
0
17
1
147
0
19
1
28
0
133
1
9
0
143
1
2
0
128
64
0
0
80
2
0
0
129
64
0
0
0
0
0
0
130
64
0
0
0
0
0
0
131
64
0
0
0
0
0
0
139
1
0
0
140
1
0
0
138
1
147
0
133
64
0
0
80
2
0
0
132
64
0
0
4
0
0
0
134
64
0
0
4
0
0
0
137
1
0
0
128
1
4
0
23
1
31
0
6
0
0
0
36
64
0
32
1
0
0
0
5
1
73
128
15
1
0
0
9
1
0
0
20
1
1
1
31
1
1
0
16
64
0
0
0
0
0
0
26
1
147
0
21
64
0
0
196
16
0
0
20
64
0
0
29
0
0
0
22
64
0
0
1
0
0
0
24
1
128
255
37
1
0
0
38
1
128
255
39
1
127
0
133
1
9
0
143
1
2
0
128
64
0
0
0
0
0
0
129
64
0
0
0
0
0
0
130
64
0
0
0
0
0
0
131
64
0
0
0
0
0
0
139
1
0
0
140
1
0
0
138
1
147
0
133
64
0
0
80
2
0
0
132
64
0
0
4
0
0
0
134
64
0
0
4
0
0
0
137
1
0
0
6
0
8
0
0
0
255
255
