233
10
78
83
161
167
82
174
145
119
241
186
75
183
140
253
5
102
230
159
37
15
241
219
221
8
88
129
21
123
212
100
45
74
53
113
247
53
228
183
106
0
78
137
3
2
252
33
44
204
24
17
247
28
235
43
114
246
129
41
87
78
237
227
36
213
69
127
200
152
252
19
23
169
107
239
107
77
199
201
196
209
253
55
95
62
51
147
115
96
115
97
240
221
6
143
133
130
162
161
183
130
28
158
250
49
142
82
206
7
185
92
249
3
180
226
176
170
37
185
232
68
127
75
86
39
214
141
179
234
95
106
246
31
191
217
229
181
162
174
218
79
65
117
215
250
48
157
87
145
235
175
46
221
168
114
126
2
48
71
83
156
19
252
142
140
114
8
122
89
72
52
146
149
239
255
24
114
208
91
237
11
185
88
66
29
242
66
240
101
129
135
163
151
115
6
65
156
255
121
150
159
127
144
146
251
191
16
60
190
88
31
121
202
155
83
133
126
113
36
112
157
157
229
103
71
118
88
124
126
22
48
63
131
76
231
140
19
132
6
124
251
40
69
56
144
19
105
114
59
226
174
98
126
8
2
87
154
90
90
193
5
199
68
78
88
43
63
158
161
157
179
61
20
31
96
173
32
16
35
189
147
164
63
241
75
83
152
229
46
7
196
136
248
55
40
134
212
100
249
53
208
48
157
233
132
88
239
97
69
0
37
226
219
151
93
209
240
190
227
147
67
73
115
138
78
251
162
202
124
63
34
83
46
162
123
232
182
141
74
223
234
117
50
223
158
160
105
4
128
134
111
89
134
174
121
35
228
247
112
165
10
132
31
135
165
244
64
12
202
115
57
220
0
91
112
102
250
136
143
106
4
221
25
104
198
192
157
119
217
235
51
62
152
31
69
244
225
11
104
247
248
225
90
45
94
31
171
75
79
194
148
44
161
142
176
38
189
127
143
201
15
227
183
95
43
234
253
45
62
128
212
8
97
93
81
24
151
102
33
33
29
130
242
223
124
110
33
120
231
166
94
130
188
169
231
211
120
127
114
133
45
176
96
63
56
208
138
227
255
224
50
231
193
199
217
6
240
59
15
12
186
27
182
108
233
27
238
27
211
154
93
86
159
130
23
77
106
29
201
130
37
181
186
129
111
248
217
239
105
86
144
204
76
189
90
184
13
195
139
134
209
208
184
97
122
58
121
85
0
236
101
189
218
126
172
4
34
162
135
52
56
208
68
163
62
5
154
161
164
46
185
79
117
13
125
11
114
75
134
162
183
196
170
37
64
26
78
12
162
162
33
160
16
72
127
116
125
252
212
231
151
134
60
4
19
206
6
156
19
24
50
12
95
233
67
59
250
88
19
107
129
35
24
127
243
246
6
231
101
102
165
125
170
17
223
21
33
52
182
136
120
246
233
79
100
214
186
227
138
156
187
225
0
204
69
97
238
16
66
84
63
122
122
41
198
41
50
63
107
2
202
97
127
21
241
209
54
124
34
32
51
84
213
221
96
252
132
63
85
91
2
59
24
255
176
13
36
142
127
0
152
49
117
86
212
192
133
79
124
97
145
217
222
238
248
25
146
10
191
255
54
20
204
129
121
86
11
203
186
50
59
42
93
248
231
216
93
126
214
36
125
119
58
26
167
141
34
115
164
229
223
5
34
114
31
25
126
109
177
133
123
226
213
101
224
145
188
81
134
148
45
214
159
86
38
37
2
5
63
254
2
61
67
195
162
31
45
255
27
207
28
8
174
113
55
198
154
188
249
221
40
5
242
165
144
231
51
185
17
226
25
243
156
100
172
217
222
85
211
112
44
53
219
240
134
152
92
219
172
227
21
247
58
166
70
13
243
12
3
177
32
130
172
57
66
240
164
255
228
145
188
203
8
115
179
45
206
214
18
13
98
216
27
253
120
254
222
236
186
89
216
177
81
11
108
30
116
213
7
206
60
115
164
3
130
62
14
225
38
161
85
129
212
212
43
174
93
189
115
149
90
46
140
21
134
210
193
167
184
255
19
233
16
201
71
219
87
115
224
54
95
240
220
245
157
88
24
114
213
170
152
250
7
124
219
91
14
103
63
93
168
14
111
173
73
248
83
149
220
63
74
79
124
67
199
217
212
227
206
106
76
184
73
99
70
73
155
233
244
196
97
41
212
78
77
179
73
145
68
224
172
33
38
58
23
110
196
201
233
30
13
143
185
195
150
188
229
126
50
219
52
254
83
57
8
52
195
243
201
241
239
157
223
201
226
170
55
226
204
137
93
112
129
177
207
68
14
236
37
105
134
52
237
165
208
33
35
81
223
70
121
203
124
171
35
59
186
67
38
239
51
81
127
204
12
185
218
117
7
158
7
91
136
47
184
201
223
134
175
75
94
97
185
177
215
38
92
84
233
100
44
36
188
213
163
240
44
173
220
143
193
190
39
164
244
102
21
172
61
245
244
13
37
232
208
47
44
47
223
155
175
226
153
156
136
56
111
154
180
103
186
42
62
77
91
203
233
27
33
30
170
98
44
152
220
62
102
108
141
130
152
222
55
132
41
222
178
174
212
70
184
224
141
82
191
36
170
230
151
35
130
173
146
219
174
171
93
141
75
243
183
96
143
86
57
202
0
184
175
56
252
124
139
159
244
171
60
27
249
48
162
26
249
222
251
13
12
157
93
70
139
19
172
67
104
98
37
221
59
112
224
128
217
81
112
89
173
109
45
10
30
91
39
119
205
113
160
65
141
204
58
44
83
100
157
200
15
221
187
54
25
16
16
222
241
88
248
253
157
17
37
31
95
245
79
109
224
133
126
29
136
192
213
189
97
132
110
229
43
66
38
93
106
40
46
209
110
42
155
193
180
59
74
5
206
65
198
70
254
208
94
54
246
91
16
32
89
183
86
169
165
228
142
25
36
135
76
14
0
147
28
196
113
79
64
133
159
195
2
92
238
160
79
157
116
100
57
25
174
10
232
144
227
42
99
129
69
102
81
170
69
235
177
119
52
192
69
132
26
141
50
78
245
139
120
172
161
109
0
12
112
159
87
109
247
80
33
252
174
173
41
113
104
212
198
78
94
77
176
75
17
203
188
166
10
216
12
128
116
175
63
144
8
159
220
49
242
125
21
129
8
196
240
53
207
159
223
231
223
77
128
58
7
100
211
75
101
10
56
127
45
207
77
137
168
133
185
147
172
244
0
6
84
68
218
197
254
62
35
177
202
34
188
79
104
158
229
143
108
72
207
5
56
94
85
133
255
100
184
97
231
51
61
136
22
91
37
100
61
249
120
174
65
36
187
182
84
241
121
178
208
190
215
86
27
202
167
220
113
144
234
85
29
32
48
13
99
155
142
179
167
190
110
43
58
76
62
239
207
150
159
195
126
170
3
86
61
0
220
174
153
0
36
149
243
171
222
37
2
44
79
224
196
33
19
13
80
60
225
222
236
215
116
43
108
170
11
106
62
20
101
8
92
192
207
190
61
249
123
152
88
233
194
157
220
181
127
140
30
75
162
62
184
255
111
213
206
108
130
44
131
44
125
100
206
86
75
147
250
233
52
74
4
147
172
173
85
222
115
166
138
65
46
175
109
187
26
141
195
78
155
142
31
237
156
253
165
67
118
170
104
123
156
118
18
48
229
117
20
164
232
235
33
161
124
73
193
42
236
10
175
79
116
133
113
3
177
151
67
254
237
84
156
125
22
185
45
54
35
173
217
186
16
146
67
109
164
182
9
229
150
252
84
94
166
254
43
8
94
217
54
239
192
44
116
140
24
133
181
147
87
161
111
9
223
241
3
153
139
139
153
235
37
120
151
233
38
55
23
96
224
141
80
2
100
125
254
149
111
142
99
123
34
130
151
172
116
215
119
183
191
218
66
131
204
221
219
239
200
240
157
156
117
147
178
208
6
242
204
244
21
44
98
212
233
141
245
202
137
115
206
176
231
191
107
221
6
148
251
32
81
179
157
224
56
222
46
47
51
88
199
43
179
200
9
180
237
138
36
75
86
120
156
15
168
89
19
172
121
34
224
160
151
55
68
71
231
13
131
172
11
161
187
99
221
250
151
253
158
79
248
210
157
6
112
59
113
40
150
240
81
177
12
72
240
123
52
205
212
85
2
56
127
66
28
219
181
146
228
137
161
51
43
212
127
0
153
251
65
15
7
240
242
14
64
32
134
161
31
248
58
77
13
242
245
158
22
41
253
106
102
222
184
128
106
52
22
187
48
149
13
248
246
214
121
203
109
136
192
241
162
27
73
168
117
131
25
78
78
106
7
101
171
253
249
68
167
32
229
252
97
155
22
178
208
97
34
169
51
223
121
235
245
197
117
36
66
242
225
72
132
228
121
226
20
144
145
22
86
237
231
43
188
177
178
90
43
185
73
183
104
248
163
136
46
130
19
70
92
119
52
228
76
108
130
252
53
95
190
112
65
181
206
4
40
85
163
206
88
57
205
95
15
32
151
60
243
2
231
125
101
183
38
178
233
102
183
160
0
116
140
100
14
239
245
111
152
110
180
158
111
181
49
3
81
235
157
206
170
105
195
97
140
32
27
11
79
210
110
148
144
94
81
250
2
132
138
218
58
103
198
122
254
254
72
72
9
72
248
90
228
6
228
190
94
105
77
185
81
154
252
171
57
119
185
238
10
181
95
127
152
78
205
153
36
101
64
138
108
167
133
0
230
163
162
1
36
178
71
208
155
243
11
234
233
184
105
94
156
73
161
166
108
187
131
217
146
67
49
168
139
240
177
173
4
194
250
9
24
70
128
104
24
97
214
75
202
37
140
188
97
76
16
114
30
106
14
7
144
30
184
168
166
88
155
33
41
75
233
186
39
65
171
38
50
15
251
98
96
173
224
37
14
218
199
228
117
206
127
56
153
107
137
30
25
40
187
249
122
230
75
157
55
77
219
136
218
211
126
225
238
240
105
184
254
74
17
230
145
205
0
233
162
242
59
194
103
92
170
113
151
231
220
57
96
146
90
26
249
94
243
249
93
239
90
238
80
83
165
245
114
223
23
174
180
127
95
121
84
163
49
112
12
6
167
3
111
233
132
48
32
55
197
27
254
148
66
10
26
216
123
187
254
207
7
101
214
132
41
54
206
236
221
116
111
30
207
229
25
11
114
61
80
156
248
180
252
49
246
104
114
73
66
132
46
176
213
80
20
110
246
177
174
207
120
243
75
159
196
193
185
25
157
5
215
223
49
184
192
0
120
233
134
107
251
118
206
168
102
41
16
41
173
27
170
99
56
89
245
178
56
74
126
86
124
177
254
120
68
187
67
152
26
157
154
177
35
29
91
240
180
103
47
225
250
205
7
242
243
182
19
253
111
113
157
193
42
59
143
207
157
209
82
160
98
214
185
217
106
168
200
224
205
106
193
91
28
205
4
64
117
100
17
118
58
45
143
242
155
108
199
87
88
37
122
226
79
62
117
42
98
151
177
91
164
245
52
118
20
166
204
91
60
25
31
189
20
133
101
169
31
139
102
166
223
161
69
253
49
11
145
136
241
171
252
102
25
237
124
72
68
119
102
243
57
37
217
129
122
198
225
219
117
35
89
12
18
161
212
6
103
53
199
134
166
250
138
194
166
54
110
65
213
32
247
40
3
3
110
217
73
40
64
210
162
156
82
71
39
234
62
1
91
254
28
56
247
129
25
45
47
173
232
238
44
67
19
106
166
73
252
76
187
27
91
160
73
161
176
254
60
85
123
48
111
85
121
15
102
50
31
20
188
230
134
82
39
165
235
155
103
49
235
186
79
99
248
88
177
169
250
64
197
185
38
171
94
153
223
218
137
185
90
139
252
253
193
115
245
132
30
228
25
226
118
180
18
197
63
46
217
232
145
203
70
65
169
44
215
10
6
249
170
110
72
87
192
151
157
237
162
71
25
214
84
72
73
140
238
129
119
130
136
227
197
1
167
238
228
126
104
36
32
24
107
162
54
165
1
101
128
170
48
116
25
0
104
191
117
195
200
7
51
182
160
72
98
80
236
38
96
67
83
215
50
253
163
156
243
226
77
72
9
21
194
120
167
90
225
7
47
211
253
183
241
104
105
213
221
37
7
220
240
250
66
15
226
251
16
71
94
10
142
95
157
112
75
236
198
73
204
205
115
31
244
64
41
128
41
130
209
80
196
206
183
231
30
59
201
252
134
77
160
175
242
75
216
48
103
244
5
93
39
249
158
221
67
132
104
95
20
1
252
255
175
64
33
83
191
15
186
10
195
31
122
127
48
248
110
68
43
185
239
94
59
237
225
7
246
164
54
110
163
43
147
2
219
165
233
246
230
215
183
168
90
11
165
38
54
87
133
119
120
175
128
167
177
5
203
36
78
149
240
88
136
167
96
168
152
64
148
196
139
52
79
199
135
140
148
69
228
189
26
77
115
168
17
120
199
165
96
102
199
35
175
31
15
91
140
116
214
52
171
220
14
146
73
81
186
161
68
254
46
192
108
31
116
1
68
122
236
118
170
166
59
217
143
114
22
44
84
211
1
140
121
51
46
118
224
117
51
253
255
226
160
98
77
140
229
220
207
223
129
197
129
218
79
44
158
140
187
128
237
134
154
135
178
5
47
49
203
123
149
220
130
49
100
24
95
200
197
2
67
101
207
221
2
113
75
225
137
49
38
65
148
188
230
121
163
55
33
116
62
17
132
254
125
144
123
195
27
99
5
236
176
147
206
242
226
204
85
135
95
47
84
160
73
253
3
202
126
84
233
221
114
172
159
204
193
176
132
61
10
185
87
65
200
202
53
70
192
233
12
239
59
95
194
84
112
147
64
211
196
123
227
101
192
141
219
16
109
220
23
103
240
210
37
188
221
179
86
40
93
0
81
42
204
201
143
12
251
29
26
172
78
65
242
254
60
71
37
196
250
132
36
14
16
88
165
37
173
55
46
229
46
44
127
124
110
200
82
